50 270564
935138 622225 722889 223046 465316 321691
191364 416401 247393 459414 168147 496627
564443 144631 885837 510541 182103 9506
905601 929266 852170 380181 171769 412211
102095 230786 714917 619461 149549 253355
33473 591927 667525 82117 443333 218851
906443 313361 542657 762485 411093 304144
411481 652159 158317 792709 131643 330435
599505 282765 235545 98614 96671 212971
730821 597255 972234 134132 142611 23267
615933 345710 864869 527061 295089 479102
616463 639391 846301 399357 91897 35803
852540 261167 724853 840201 258908 395054
363293 721577 781105 123831 305471 192571
335159 13067 725835 853561 309759 308818
308575 245573 922175 941041 65727 232531
283156 960975 189315 679124 388021 251427
89765 484081 297047 960890 322049 304531
363372 813305 535242 903925 168221 393641
295832 252065 507081 587243 169433 196507
198139 36601 326101 756001 11405 128062
367830 176721 667844 156497 268785 117555
384511 115073 411098 705605 237299 92623
935337 778852 981763 829131 244401 454994
140739 298396 51685 802513 472458 335494
94305 766062 731111 944771 477128 6511
561478 638866 642538 381833 420081 395378
74466 579181 576001 332201 492831 412879
980357 904465 869843 204681 221094 290522
916965 794801 272191 101675 28295 36339
611041 417983 191589 617435 342720 3699
932079 574951 474881 138870 59085 76319
724164 565207 824301 399228 387379 240564
552479 281156 68200 784995 411167 245211
936039 315665 524965 739946 386205 375941
176161 285293 56961 217875 251559 145211
140905 58779 76666 691559 99044 111203
755986 435323 812865 927915 332865 185241
491392 582881 731781 157280 144201 247251
735305 662051 258552 171146 457695 284170
544095 360641 384481 210054 233001 402456
80041 165626 67441 859761 326833 269386
952353 927625 474449 144498 113889 426551
455783 348008 424826 334609 126201 355767
424139 641190 945011 490581 487218 422663
393153 144128 763784 366955 201475 394631
948457 951705 680816 868045 269265 132174
276366 387221 375326 711969 319688 263946
269621 570311 766501 192721 166193 449256
361789 128193 678783 181521 374311 432111
