15 629217
496749 646417 255907 840199 57677 268640
378796 583463 230963 450721 31779 328696
494529 547831 161665 998222 273941 224447
666286 402971 452501 581613 26285 403431
151438 145360 159400 920160 145006 295473
219949 203213 734385 403181 331901 51161
710191 314089 511396 695685 208701 333327
301481 400517 551313 446253 202255 105998
66085 137201 521105 465310 160985 110798
689271 42883 434686 977345 129401 273615
847795 513793 170279 566997 449576 362950
440002 570943 65045 689601 401681 128289
412023 640414 869097 589585 492803 460881
267979 525721 676069 504717 274961 347939
804733 672876 763105 621399 148239 15673
