20 109680
289133 257989 526001 363401 329608 342419
182390 532866 711871 946171 267489 354120
123425 980027 828105 118270 442657 140926
829267 778793 507655 418701 494798 188935
71424 186914 476636 244835 311553 46081
713617 516971 333037 951915 453719 43166
352806 856897 711629 371241 402119 162423
993265 69513 190751 405770 436619 361047
134189 474073 979506 804541 115219 370479
391025 85236 982251 727579 369479 24787
987917 315149 859640 152311 474687 34761
703685 430121 807552 304961 183399 133426
968733 381357 474297 218042 15466 129526
205865 807493 403321 205601 220263 255951
245756 755361 426751 187633 417161 276731
540376 539745 256887 950717 190055 318935
976353 947089 821561 643601 360571 33601
453753 74595 671853 600877 93156 97549
270876 722713 267725 63961 25309 56408
592376 440641 239781 335433 197482 281868
