25 212561
585961 981445 76799 3941 331701 243775
803556 772401 386281 787463 485669 84567
309232 452851 800313 308881 408701 10195
289261 213201 228097 651156 214483 381833
701328 817710 487105 931713 257033 15036
302568 605386 647081 584989 442987 66707
931689 315634 473182 762317 99486 10867
485151 221667 799676 662295 6676 59321
924685 260516 755580 942301 265663 436209
73109 574081 764301 435177 346734 496076
633605 544848 312137 415473 95209 2571
563001 818981 897841 185845 330440 319571
596651 477734 783843 618551 227741 171403
934266 115161 137988 740785 455201 164175
678245 417748 269961 41648 416463 192328
526846 46297 634529 640225 62761 462319
268951 985061 399813 926090 431524 483329
760711 399361 336148 692889 390065 243827
903751 656526 289207 460867 394433 73995
761476 600041 998479 724189 138216 39867
117101 933461 929124 222661 142305 162275
328911 396804 840401 869922 493476 103255
924537 190692 634370 9368 11097 492531
306519 679153 89008 760741 36601 246167
271689 195911 522538 872031 255553 421408
