30 876863
937521 104869 25356 266276 125305 326811
315689 647476 280257 565833 342157 380268
268821 902313 636341 51876 421777 199167
918913 138369 767966 753111 241431 410926
618483 488501 775230 491709 88033 226147
258783 184103 646353 975569 391522 375103
536001 378845 694305 927751 255429 163538
66023 743573 96281 503147 398047 202690
564403 941953 644046 201914 437569 355456
435123 543237 127875 27171 92189 205838
282536 906254 934345 852601 122156 397376
704871 849057 120351 872229 66617 349751
745492 415086 181525 114781 250965 407735
338905 338391 705153 808450 401601 58886
534155 151712 898601 857136 226205 432751
529138 954881 747177 910885 303657 283556
158017 388617 623485 807943 119241 216953
268145 343236 965685 786447 46691 13664
960009 199437 762773 563450 351681 472277
202705 690971 713631 443393 147585 216643
514935 821563 358741 342289 486852 402725
356989 882183 735447 789257 163477 77283
170226 639327 47341 387815 163201 375173
261697 496281 826055 541126 415393 123997
743629 751681 150683 299326 248801 245371
643111 374601 548109 51195 307445 128023
952995 563626 544721 472476 351381 64971
409835 250365 534591 218482 340551 111801
423633 434687 29097 632949 208860 433226
423349 851952 785345 780081 105886 149747
