35 774489
305577 14513 25507 485361 252174 381000
851736 860926 213536 993201 412625 38133
322701 540236 98497 166830 156099 282219
131221 164947 185163 992321 313181 192187
56011 114041 338735 996013 217254 143026
372301 322623 580009 510773 386337 249905
761321 861485 445145 837407 137603 361721
704201 104965 441545 626685 307388 416877
690457 254685 337969 784987 343421 233843
948251 45465 718363 222014 366237 216439
581469 29957 395565 20047 237982 257411
314981 878407 133851 579660 45209 223901
273169 806790 593410 633156 145249 290811
234243 841230 836685 90541 373571 447502
10506 933264 636557 35021 193963 321811
759959 120181 608621 816939 376417 173045
575155 667956 596751 574379 163173 226789
719629 924347 157376 768716 14197 483931
219841 304577 739011 402721 276191 135655
364097 702889 137217 931737 30505 228331
414209 645708 42901 904616 198177 41124
764043 35201 403544 341461 436841 326515
46581 249976 397957 978855 110773 201091
954481 603266 569073 109701 482291 152913
317968 474090 421977 825141 257781 16953
852403 548392 343041 246529 487137 343982
169591 402505 5460 48143 11841 392380
387313 763933 753353 751603 207901 339547
236481 640337 463081 786009 442021 50613
952228 430591 347137 370996 70685 262633
606751 372104 82329 122596 9948 418011
89545 391797 399241 886507 343844 205707
81887 260225 641165 327310 256335 425779
25179 228166 713281 769294 18037 241113
486711 598103 954226 807461 272894 119135
