40 654921
307618 415651 187751 332776 212046 402399
856025 600833 160211 244405 314198 441746
326699 682898 807485 510369 409759 273727
6741 924041 944045 512582 123092 216361
838883 465393 343556 556177 46429 334981
181025 415283 615471 720723 462985 380547
143961 659829 421240 466451 300366 435319
635446 17603 62948 747151 378891 100046
137989 79873 761831 38357 288156 195955
177481 459116 301069 67795 387289 88437
703013 987881 480257 642853 337683 292306
250185 162209 798021 651017 120216 116765
218201 919324 138441 820276 172378 254879
359303 725721 498193 23895 187725 201296
198845 146863 65001 442897 5055 452795
740596 669108 231108 134313 390982 96533
287256 684313 739026 28981 339885 492483
222009 818441 609044 77441 166969 242115
206721 790424 739128 345478 25921 310061
166201 503681 993369 654876 146205 394915
528201 19751 702881 600371 387995 420691
485841 263595 202403 146041 81361 365171
543801 388031 273809 677909 197741 371076
209633 918711 376363 581907 186977 60675
386939 568501 385256 551266 59921 369872
542056 996142 752958 965957 80455 239050
595881 599193 579329 554428 311431 310286
250279 691977 219211 452421 249481 268146
921871 96788 43675 247991 30371 252503
620905 841366 404331 536471 174106 62620
364647 601648 322147 77911 191273 126487
363393 37124 597428 577961 279325 96924
258264 525366 211951 435346 483303 351663
385826 648035 347633 777079 6155 439861
209761 623207 233551 744293 255245 277941
224463 983981 23881 842216 311751 424545
500096 680671 361339 311393 214241 179566
383775 331937 725459 901801 142113 436887
496958 287613 622637 846751 412664 295118
574021 730061 782881 177577 366626 219667
