45 582011
119517 910480 851553 246461 427744 496161
468330 249904 748305 510516 405606 487115
381038 233816 781037 669219 361069 54273
164494 102463 526315 671808 440783 193753
506568 908201 602471 39041 335661 240065
983141 505171 512371 182687 281681 190919
395416 162476 468462 38439 377735 184328
502879 540449 595887 558521 28681 491873
881526 497237 930574 345781 84021 276601
761153 737940 312701 739551 348413 91396
622370 980471 233663 856751 412891 44709
995127 715617 650171 119659 211137 209741
479081 947863 887465 975607 244995 219078
80806 778941 248486 724441 87793 435837
61039 188467 425771 998849 333937 225833
425596 569697 676718 131571 1863 67345
372009 895280 378543 459937 166701 135691
639293 332661 109161 55617 116021 332893
271196 791547 933401 208325 391007 318977
154297 8565 763686 335367 16549 479190
347391 724669 174361 764529 268649 137311
801691 569971 333138 107757 339721 495092
800621 964527 997981 296584 380080 394924
614131 587921 134600 178779 442571 310066
80841 761874 66419 27751 351676 120328
31714 337417 304331 876601 484191 463171
262499 136481 865335 512631 352532 428007
627349 526461 916208 915181 403521 327265
491576 743127 485365 710807 14217 424120
433112 98591 637247 803593 80273 178764
849720 655376 700165 443503 37490 424625
365675 930296 881665 226689 123525 318583
962265 248513 807261 197231 353262 847
530431 609949 475202 392363 457881 251803
467351 797768 978801 103193 197021 329077
594960 419522 937501 178151 116656 320307
236775 201561 608781 221505 328295 125
30126 706701 914601 948739 240572 426685
393801 30335 342661 481471 301277 294851
529891 160351 158927 955977 439611 424215
10334 101439 694863 20566 92706 373457
373441 756851 870241 727657 269175 62475
571626 207735 224385 871797 427843 224549
95439 181276 519701 696245 349725 452611
426945 907460 82497 827013 294619 392575
