1000
66
73
39
24
192
107
13
226
42
131
66
51
93
36
145
173
168
38
153
152
204
23
215
111
146
186
112
186
171
184
43
110
180
198
221
128
135
147
146
211
220
195
34
62
42
187
23
62
74
215
69
62
141
196
151
58
115
28
10
100
134
84
9
9
115
199
54
184
66
10
157
182
192
35
94
71
52
228
85
161
114
123
11
14
192
218
2
29
176
95
36
166
216
229
216
111
209
156
199
210
83
176
182
218
59
120
1
189
29
64
203
54
69
210
217
60
37
209
127
217
160
47
12
218
91
23
6
39
81
173
154
177
164
200
139
120
11
124
76
63
22
43
86
140
33
47
171
151
218
175
158
162
95
227
169
210
98
190
21
39
16
89
12
23
65
0
112
175
100
164
218
170
122
67
149
225
206
151
166
173
209
163
105
11
20
156
182
153
16
60
100
61
96
185
206
185
187
41
98
141
85
12
117
167
198
134
120
13
62
176
149
49
13
20
134
218
81
82
115
111
213
223
218
50
84
88
154
109
198
194
46
125
23
216
226
77
147
26
15
124
103
159
12
120
192
127
175
145
0
48
28
26
74
164
112
66
61
55
195
48
19
46
186
145
218
41
17
134
200
202
15
162
214
216
173
209
114
112
45
195
209
178
112
57
193
110
108
0
187
224
119
153
178
179
24
203
88
92
217
6
139
209
179
74
152
51
132
117
181
172
90
61
49
89
188
63
222
164
165
38
67
166
63
75
139
48
173
188
74
139
28
145
177
157
203
185
95
152
93
190
190
126
45
48
174
215
177
57
17
190
132
33
22
98
80
23
154
80
82
67
159
5
173
197
60
172
164
135
87
37
98
79
61
156
19
138
171
180
185
32
154
220
58
81
104
87
228
16
177
123
206
137
50
51
228
8
62
131
173
177
11
20
144
117
155
215
162
36
159
5
165
70
184
217
98
10
92
228
26
129
211
42
89
175
115
102
166
229
206
157
78
1
79
38
128
199
46
185
152
202
139
218
109
54
181
139
22
74
15
193
40
103
27
138
181
32
71
43
120
205
216
14
152
153
222
147
80
113
110
95
130
159
93
169
67
124
48
53
159
91
30
215
68
157
94
4
41
59
32
18
190
75
8
172
225
43
2
155
224
155
172
162
73
107
142
107
218
36
20
74
95
28
138
60
151
25
24
221
37
200
5
218
89
167
222
164
18
177
200
3
168
188
65
204
149
43
65
68
78
206
81
142
194
171
173
131
31
116
80
169
126
67
131
36
224
215
54
230
11
48
69
209
8
147
8
25
208
93
39
225
80
23
130
69
183
210
100
86
41
201
200
74
54
230
67
56
73
15
219
19
50
20
195
54
95
133
121
97
22
220
40
120
197
160
200
129
96
224
120
64
218
230
1
87
96
98
34
166
71
149
197
123
90
32
93
217
173
106
229
215
45
209
4
49
25
87
48
66
128
106
154
111
160
54
2
136
223
15
82
43
99
217
162
192
77
207
30
157
190
102
186
65
149
175
39
188
61
33
183
24
76
203
70
131
91
135
120
48
27
184
102
157
109
134
192
127
117
135
125
165
8
39
21
70
44
211
9
7
53
226
183
143
3
166
201
123
147
218
91
204
83
107
125
60
108
97
0
160
4
60
205
23
101
45
154
223
203
82
91
53
166
204
76
208
28
161
76
16
176
160
156
165
147
158
226
196
208
151
109
81
201
48
176
14
229
156
34
134
88
143
11
99
133
18
151
61
178
74
205
27
51
111
212
133
169
224
10
80
28
37
86
126
101
133
228
155
17
60
89
51
119
1
181
112
82
117
148
54
62
141
0
139
57
63
157
153
217
1
13
221
21
30
55
89
43
61
165
172
52
69
22
96
9
1
126
138
33
132
108
193
226
31
140
119
161
148
69
74
229
63
158
181
64
211
207
98
153
20
185
2
39
53
175
21
161
7
199
230
140
23
142
15
100
66
148
39
54
74
217
23
49
198
114
159
207
32
118
66
161
32
99
114
18
67
178
175
114
83
120
216
81
140
8
149
150
179
173
170
151
4
194
19
216
121
170
85
74
16
222
128
212
103
224
46
14
93
198
218
59
77
119
208
105
176
152
9
179
97
71
5
133
100
199
98
39
13
100
167
184
49
89
205
102
199
24
3
218
87
161
205
94
190
51
21
73
30
14
162
210
34
149
121
66
132
54
42
119
194
152
96
91
44
13
91
202
47
44
195
61
72
194
113
3
212
186
27
167
35
109
128
50
62
128
155
205
71
141
87
76
154
