763
1085
1738
1660
398
1018
2160
7
2168
1670
425
1192
2059
1062
648
802
1968
885
778
1694
1932
575
1627
772
1492
2069
549
1941
1596
358
16
1373
1359
725
2027
1923
1387
989
341
1105
2046
125
308
2014
282
365
2065
1821
350
981
1016
105
1596
916
620
1443
1291
1549
1653
1068
743
174
1520
1751
1014
807
1848
2194
1857
1958
1248
2176
1751
286
1138
455
1045
2057
1065
67
1592
689
1774
379
567
800
1586
2198
308
1692
1996
1951
2185
2237
1160
1534
107
2244
760
2118
867
2201
680
2115
1766
1578
519
2121
515
737
1726
622
1847
1765
2257
1786
1791
368
1831
1649
1901
1534
1502
2142
1221
1203
576
2073
1587
1981
1664
986
1737
2162
501
1705
1767
1103
995
1604
427
1830
1384
104
2304
1248
955
1777
1440
44
997
617
825
600
463
773
2329
1905
2079
1317
1644
958
1672
1944
611
831
163
2070
333
1747
2222
825
298
1788
2108
1591
892
2034
782
484
1076
1869
2195
874
1886
313
1330
877
9
2183
1769
2022
345
995
2190
467
1248
2030
454
1386
2233
2217
713
2318
1869
1520
1778
2146
873
739
809
1140
1758
2090
2060
2144
1879
1319
1756
622
2169
1939
1885
1909
1200
2264
946
1389
92
300
842
1487
656
1658
1825
761
149
1745
2065
1905
1377
1772
238
1763
1052
650
48
2015
75
1389
2210
1463
481
1115
425
705
1981
1344
919
1550
2227
8
2068
1079
1976
176
2023
737
682
1269
674
2098
172
1699
624
1399
2288
1939
1305
1090
2305
913
189
543
1921
587
0
790
124
1513
1195
999
615
71
2319
1187
2160
2285
2032
105
95
497
489
1315
1678
2154
1690
2296
1086
2135
1494
1740
2317
1963
1329
7
293
1317
954
1422
1027
310
69
789
216
239
983
1861
1039
2289
1920
1938
2207
877
652
1683
2257
27
57
999
435
451
152
432
1003
964
796
571
1944
1746
2056
546
1301
991
1052
1366
721
970
655
1793
861
541
1429
1387
2072
253
2210
1637
1723
1542
202
1007
718
1620
665
1632
580
584
225
341
779
436
1780
1838
577
1262
824
1525
856
1559
403
854
751
1645
890
1115
916
461
360
934
1449
1958
374
379
1971
340
1488
1979
1676
1232
1928
1212
483
1632
159
1366
2229
1238
1068
292
930
1176
1265
880
1090
1586
384
1659
676
1529
586
1580
732
805
55
890
2065
1243
1938
686
997
134
1361
1854
28
417
1234
461
708
332
2245
1717
1310
490
686
43
1472
1075
1823
1711
1455
1106
415
22
723
1406
1025
1466
130
2167
1581
1201
1245
311
1146
611
738
1093
2091
533
2082
1717
287
1598
1476
1543
1507
1798
1583
840
2284
1306
1886
1480
2053
898
1956
1638
2006
1513
567
1314
194
1793
624
1495
40
1315
2286
1173
1130
795
879
1057
175
433
1989
1216
577
1098
331
2153
1920
929
79
859
2307
1071
124
1603
886
173
1320
331
645
706
1583
948
1128
1030
1607
1600
2255
1236
1790
1459
2148
632
53
1590
1243
1499
214
952
788
1211
2152
1544
1720
2211
1090
227
2191
830
1380
978
704
1902
1500
1866
1960
1690
1709
1235
1003
1508
8
1042
131
1992
1967
2251
784
208
627
1191
930
870
1032
50
318
658
1506
1762
1822
2200
1884
48
1744
402
255
1374
1578
1345
96
1242
1553
407
1772
2056
1738
73
1209
158
1747
1689
1062
801
2044
2236
131
1106
925
1171
333
1893
356
1672
797
1192
1721
841
1400
91
1142
2302
1082
743
1686
583
1205
1947
2230
1478
1380
1761
546
1552
243
1548
58
1033
311
1945
1406
959
1606
69
606
1551
2166
1681
377
1653
2253
621
469
1201
711
41
1637
2196
2019
1319
1016
97
106
727
2285
1320
495
816
288
60
1414
484
1482
2269
1471
764
1101
1909
313
727
379
801
896
1965
2150
657
239
2099
1880
1801
188
817
91
540
1501
546
1209
477
1046
301
865
139
2049
1749
801
2243
1447
1330
1811
1001
1913
1403
2032
2106
1419
1508
2269
500
1547
613
1483
1147
2156
932
723
204
1235
417
1349
746
1234
1295
59
979
2287
1586
2255
2010
1285
1415
1124
934
2028
1480
924
1167
1103
2251
345
1256
