83
43 96 4
979 986 6
678 942 6
889 934 6
83 781 2
921 996 10
372 894 2
776 892 3
409 752 5
190 997 2
731 744 9
413 639 5
405 910 3
734 929 3
922 927 3
667 691 10
549 989 8
182 372 2
422 781 7
16 435 4
277 361 4
821 954 6
324 368 6
951 975 3
495 871 3
244 665 5
781 992 1
127 162 1
455 855 1
13 768 3
720 776 4
679 736 5
463 773 1
689 957 7
603 940 4
737 944 8
658 989 8
763 797 7
286 858 9
329 913 6
71 684 2
643 911 5
800 973 10
98 842 6
140 906 10
796 832 10
395 673 8
193 823 8
983 999 5
427 620 3
119 405 5
559 868 8
925 942 2
664 793 7
908 989 2
484 528 5
40 518 6
263 898 4
316 870 7
810 967 6
897 992 3
74 240 2
828 893 6
575 628 7
142 792 9
234 906 9
152 606 4
21 382 1
123 372 8
29 793 1
779 902 1
996 997 5
450 977 5
692 963 1
803 843 3
658 858 3
120 171 6
134 458 6
67 787 6
75 388 4
691 919 8
592 819 5
554 624 7
