62
771 820 3
647 786 2
526 838 10
414 664 5
442 465 2
519 842 5
390 950 5
633 703 2
258 964 9
703 703 9
949 985 8
835 997 1
520 805 10
82 425 5
809 955 3
997 1000 10
704 871 2
680 859 10
833 983 6
308 583 3
644 656 7
774 845 1
200 649 2
627 805 8
810 877 8
578 698 4
304 976 6
246 771 5
756 879 7
531 776 6
430 540 6
15 121 7
993 1000 3
696 802 1
457 471 1
276 511 5
391 896 2
149 646 5
396 758 7
649 877 3
561 979 4
445 500 4
72 608 10
733 890 2
723 900 3
313 452 9
969 996 5
158 685 10
76 374 9
568 762 1
2 7 2
54 87 5
948 954 2
34 241 9
808 902 1
101 291 4
730 846 10
804 929 9
158 992 6
645 710 7
948 959 4
598 786 10
