56
225 773 10
348 508 3
13 33 2
83 518 4
410 778 1
159 690 2
391 707 6
526 690 3
920 987 9
769 998 1
161 771 5
237 743 4
535 833 4
646 981 7
27 677 9
524 591 6
462 505 10
859 863 3
629 660 8
812 980 8
832 910 5
461 588 9
481 719 10
521 671 7
330 665 3
95 429 7
903 982 4
500 662 3
213 495 2
509 604 3
154 205 8
316 899 5
703 737 5
578 919 7
538 659 8
117 616 1
538 805 6
658 905 1
584 697 9
100 766 2
408 493 6
720 733 6
161 644 6
768 863 9
4 839 4
630 691 7
861 983 2
131 979 1
481 881 5
229 550 9
29 994 8
823 999 10
395 730 3
504 823 10
347 460 6
833 994 2
