54
17 262 9
706 900 3
679 902 3
301 517 5
30 496 9
924 974 4
160 941 2
779 833 2
866 951 9
474 719 8
585 969 5
998 1000 4
520 932 10
350 836 8
744 863 9
452 700 9
16 393 8
912 934 1
885 994 7
573 666 9
50 755 4
975 982 6
709 976 5
793 917 4
164 495 7
854 988 9
578 644 4
693 889 10
415 754 5
72 856 1
945 946 8
830 832 5
324 491 1
789 850 8
443 688 1
509 840 4
245 573 7
256 993 10
651 784 7
742 747 1
342 447 10
566 910 9
257 324 3
998 998 8
893 902 2
964 965 4
39 358 5
31 374 3
872 959 5
630 921 8
979 980 9
97 885 4
489 638 4
476 535 6
