50
778 957 6
501 742 7
595 615 6
697 831 4
471 549 1
678 827 4
843 991 2
807 893 2
245 926 2
259 567 8
709 960 1
636 837 3
273 625 3
886 931 5
866 904 2
266 332 7
959 985 8
346 736 10
601 678 9
551 605 6
761 764 5
581 656 9
516 624 9
759 901 3
269 274 9
84 401 6
703 704 6
514 673 6
796 978 8
217 815 7
367 606 9
663 766 3
343 412 8
39 111 7
855 984 2
676 741 2
406 855 3
539 957 5
686 718 1
115 398 8
923 937 4
894 952 9
279 844 2
429 855 5
455 591 9
360 631 7
923 978 1
913 984 6
663 963 4
814 894 7
