889 175
1 504
2 79
3 792
4 100
5 125
6 52
7 308
8 803
9 853
10 646
11 823
12 843
13 620
14 696
15 824
16 641
17 390
18 411
19 886
20 25
21 846
22 86
23 271
24 315
25 108
26 37
27 807
28 789
29 646
30 396
31 661
32 91
33 853
34 406
35 864
36 305
37 687
38 601
39 249
40 263
41 644
42 306
43 569
44 797
45 101
46 668
47 48
48 807
49 253
50 747
51 674
52 752
53 430
54 29
55 781
56 292
57 830
58 387
59 814
60 581
61 16
62 737
63 613
64 511
65 93
66 742
67 687
68 219
69 631
70 715
71 437
72 640
73 421
74 588
75 276
76 662
77 240
78 147
79 580
80 269
81 648
82 204
83 82
84 617
85 385
86 580
87 361
88 723
89 687
90 213
91 244
92 264
93 881
94 145
95 249
96 503
97 113
98 831
99 122
100 878
101 580
102 560
103 198
104 810
105 495
106 861
107 878
108 460
109 658
110 301
111 37
112 698
113 827
114 850
115 324
116 169
117 308
118 14
119 275
120 218
121 855
122 289
123 613
124 687
125 146
126 748
127 829
128 198
129 687
130 757
131 67
132 193
133 815
134 156
135 779
136 371
137 600
138 671
139 57
140 809
141 816
142 447
143 129
144 671
145 638
146 827
147 510
148 184
149 134
150 492
151 458
152 807
153 149
154 606
155 172
156 779
157 366
158 784
159 560
160 473
161 502
162 835
163 255
164 467
165 362
166 29
167 884
168 26
169 183
170 870
171 724
172 131
173 529
174 346
175 302
176 847
177 123
178 173
179 416
180 827
181 126
182 458
183 721
184 379
185 827
186 312
187 666
188 157
189 471
190 482
191 439
192 47
193 102
194 300
195 392
196 814
197 847
198 87
199 789
200 840
201 351
202 539
203 553
204 811
205 701
206 327
207 590
208 623
209 821
210 371
211 177
212 737
213 744
214 865
215 730
216 144
217 817
218 391
219 165
220 344
221 255
222 298
223 4
224 652
225 787
226 863
227 665
228 514
229 447
230 749
231 694
232 350
233 145
234 385
235 608
236 645
237 562
238 552
239 785
240 370
241 319
242 851
243 534
244 681
245 177
246 853
247 86
248 522
249 22
250 572
251 571
252 785
253 150
254 225
255 111
256 772
257 496
258 294
259 811
260 431
261 205
262 854
263 331
264 589
265 132
266 835
267 333
268 609
269 674
270 122
271 584
272 684
273 99
274 637
275 322
276 784
277 425
278 686
279 667
280 370
281 285
282 373
283 252
284 368
285 806
286 177
287 85
288 93
289 38
290 233
291 697
292 468
293 855
294 184
295 717
296 222
297 680
298 355
299 119
300 269
301 876
302 44
303 433
304 473
305 738
306 264
307 184
308 836
309 53
310 695
311 826
312 373
313 341
314 2
315 249
316 2
317 624
318 106
319 631
320 302
321 669
322 627
323 70
324 276
325 25
326 136
327 137
328 528
329 167
330 851
331 45
332 593
333 437
334 183
335 314
336 276
337 113
338 153
339 586
340 618
341 13
342 542
343 107
344 522
345 658
346 170
347 198
348 806
349 589
350 131
351 468
352 48
353 701
354 451
355 24
356 218
357 671
358 446
359 853
360 653
361 297
362 840
363 481
364 679
365 852
366 14
367 659
368 157
369 428
370 889
371 712
372 82
373 22
374 430
375 291
376 305
377 565
378 532
379 392
380 852
381 624
382 869
383 575
384 510
385 109
386 785
387 294
388 476
389 292
390 427
391 849
392 886
393 376
394 541
395 614
396 167
397 623
398 59
399 584
400 280
401 234
402 819
403 755
404 667
405 653
406 179
407 64
408 284
409 377
410 452
411 336
412 653
413 420
414 112
415 454
416 71
417 468
418 647
419 329
420 632
421 86
422 772
423 84
424 529
425 884
426 747
427 183
428 810
429 814
430 390
431 430
432 285
433 164
434 836
435 820
436 590
437 603
438 328
439 744
440 845
441 876
442 494
443 513
444 180
445 631
446 522
447 533
448 808
449 526
450 291
451 43
452 352
453 49
454 831
455 457
456 672
457 157
458 855
459 820
460 27
461 258
462 762
463 174
464 338
465 626
466 286
467 194
468 38
469 349
470 246
471 601
472 534
473 230
474 380
475 503
476 427
477 651
478 707
479 265
480 134
481 506
482 662
483 375
484 38
485 4
486 809
487 238
488 515
489 328
490 387
491 469
492 669
493 743
494 472
495 566
496 608
497 865
498 83
499 234
500 536
501 100
502 109
503 618
504 134
505 522
506 657
507 301
508 755
509 735
510 522
511 248
512 481
513 228
514 4
515 365
516 189
517 628
518 708
519 171
520 866
521 211
522 737
523 305
524 440
525 57
526 468
527 300
528 647
529 739
530 435
531 575
532 2
533 753
534 496
535 776
536 290
537 13
538 522
539 375
540 102
541 652
542 81
543 731
544 225
545 211
546 720
547 85
548 504
549 826
550 633
551 478
552 599
553 754
554 493
555 110
556 169
557 554
558 443
559 553
560 154
561 171
562 496
563 513
564 509
565 579
566 478
567 14
568 189
569 248
570 186
571 166
572 877
573 295
574 610
575 742
576 616
577 326
578 504
579 882
580 58
581 192
582 299
583 87
584 871
585 380
586 731
587 234
588 298
589 147
590 400
591 222
592 133
593 857
594 653
595 170
596 320
597 757
598 496
599 517
600 148
601 698
602 153
603 818
604 128
605 636
606 688
607 799
608 207
609 248
610 310
611 434
612 853
613 525
614 175
615 424
616 466
617 651
618 353
619 602
620 665
621 693
622 548
623 371
624 243
625 473
626 841
627 705
628 791
629 329
630 593
631 527
632 638
633 878
634 887
635 27
636 483
637 318
638 237
639 332
640 425
641 217
642 715
643 534
644 3
645 433
646 371
647 204
648 268
649 210
650 109
651 402
652 863
653 44
654 461
655 221
656 838
657 206
658 351
659 233
660 27
661 739
662 587
663 436
664 764
665 120
666 884
667 251
668 218
669 497
670 164
671 46
672 809
673 445
674 654
675 229
676 321
677 139
678 67
679 198
680 20
681 479
682 231
683 842
684 175
685 30
686 882
687 887
688 474
689 112
690 702
691 710
692 568
693 223
694 128
695 440
696 479
697 578
698 69
699 367
700 572
701 540
702 544
703 289
704 464
705 593
706 757
707 794
708 887
709 557
710 386
711 312
712 289
713 179
714 854
715 720
716 531
717 121
718 411
719 188
720 524
721 237
722 304
723 764
724 829
725 209
726 94
727 394
728 273
729 368
730 19
731 675
732 394
733 251
734 57
735 395
736 495
737 472
738 374
739 805
740 280
741 461
742 280
743 674
744 249
745 308
746 516
747 171
748 342
749 742
750 152
751 394
752 126
753 463
754 398
755 372
756 29
757 565
758 325
759 215
760 44
761 554
762 564
763 400
764 645
765 782
766 861
767 151
768 590
769 14
770 884
771 876
772 453
773 750
774 50
775 623
776 166
777 357
778 137
779 684
780 162
781 35
782 386
783 442
784 650
785 334
786 556
787 815
788 549
789 547
790 810
791 838
792 80
793 519
794 569
795 543
796 331
797 117
798 491
799 275
800 429
801 885
802 417
803 336
804 259
805 702
806 383
807 130
808 332
809 113
810 18
811 288
812 652
813 457
814 667
815 585
816 877
817 219
818 536
819 68
820 295
821 436
822 666
823 172
824 599
825 526
826 859
827 314
828 492
829 6
830 476
831 828
832 806
833 143
834 194
835 188
836 736
837 376
838 334
839 178
840 451
841 376
842 796
843 417
844 278
845 122
846 257
847 512
848 448
849 403
850 374
851 504
852 657
853 321
854 610
855 792
856 587
857 779
858 755
859 818
860 233
861 326
862 152
863 881
864 507
865 749
866 379
867 145
868 603
869 407
870 624
871 888
872 202
873 432
874 351
875 330
876 132
877 799
878 266
879 764
880 821
881 289
882 865
883 829
884 325
885 120
886 229
887 617
888 369
790
345
540
616
110
480
243
801
367
229
128
120
740
635
866
150
691
117
366
720
794
759
723
371
416
221
773
109
508
426
461
818
328
670
427
334
518
843
365
53
11
368
575
470
676
343
831
336
420
537
530
437
698
573
281
846
31
736
240
30
458
237
638
608
808
817
632
581
634
306
207
168
571
142
208
727
274
803
630
535
415
97
130
428
645
430
809
477
226
52
659
258
327
310
95
34
65
561
709
610
644
394
227
47
650
724
134
743
737
209
454
492
781
753
176
315
57
403
499
259
344
354
554
677
738
585
678
111
298
83
531
541
555
201
731
766
657
260
489
696
717
80
713
883
74
113
495
359
101
566
284
17
760
673
232
821
43
10
599
712
384
446
270
272
651
157
780
802
838
842
389
633
393
165
388
