3729 2120
1 1705
2 1793
3 1657
4 2416
5 1604
6 2392
7 3358
8 1844
9 2165
10 2798
11 596
12 3359
13 2619
14 394
15 1151
16 2436
17 2417
18 1548
19 3395
20 1541
21 2934
22 3178
23 1244
24 2001
25 3003
26 2276
27 466
28 1053
29 3242
30 1954
31 1043
32 3415
33 3693
34 2761
35 620
36 1481
37 2601
38 1057
39 1223
40 1960
41 206
42 3100
43 1151
44 2197
45 778
46 1018
47 3169
48 3055
49 1836
50 170
51 395
52 1488
53 2361
54 3205
55 670
56 535
57 1458
58 2922
59 2488
60 322
61 339
62 584
63 1038
64 438
65 3671
66 3693
67 716
68 2122
69 3299
70 2478
71 1408
72 2068
73 2053
74 197
75 3447
76 654
77 3546
78 2872
79 2754
80 957
81 287
82 1483
83 294
84 1547
85 1839
86 831
87 1893
88 3488
89 373
90 1932
91 3575
92 275
93 2532
94 639
95 3208
96 865
97 3072
98 2075
99 1536
100 1005
101 3270
102 2465
103 1729
104 156
105 2856
106 594
107 2510
108 2094
109 1554
110 952
111 254
112 2305
113 3521
114 1309
115 1824
116 3613
117 2577
118 1819
119 254
120 3523
121 1802
122 3232
123 1962
124 888
125 635
126 2861
127 3609
128 1630
129 2539
130 2668
131 3721
132 2876
133 3233
134 946
135 2786
136 940
137 1384
138 72
139 3444
140 455
141 1298
142 3649
143 2828
144 905
145 3611
146 485
147 2124
148 2372
149 1952
150 3231
151 521
152 501
153 2859
154 818
155 1657
156 450
157 434
158 3539
159 1830
160 322
161 820
162 803
163 3303
164 3098
165 2739
166 986
167 319
168 18
169 2153
170 276
171 2588
172 2635
173 3457
174 455
175 3634
176 1887
177 1542
178 937
179 3616
180 3678
181 338
182 2147
183 2759
184 591
185 301
186 2963
187 561
188 804
189 285
190 1450
191 2322
192 1517
193 1277
194 3360
195 1556
196 3667
197 373
198 3207
199 896
200 2109
201 108
202 1633
203 2994
204 187
205 1519
206 881
207 3520
208 1016
209 306
210 297
211 882
212 3111
213 2062
214 2998
215 2517
216 1406
217 1417
218 2938
219 2420
220 2836
221 346
222 1856
223 361
224 1040
225 657
226 2894
227 1311
228 716
229 1048
230 530
231 1181
232 1723
233 3354
234 2852
235 344
236 747
237 2995
238 1968
239 1281
240 2523
241 1800
242 144
243 3118
244 884
245 772
246 3292
247 610
248 864
249 3382
250 3353
251 809
252 1998
253 1789
254 5
255 3475
256 2840
257 2356
258 921
259 1517
260 2913
261 3122
262 3283
263 2210
264 3540
265 2411
266 1381
267 2654
268 3727
269 2299
270 1571
271 1950
272 1678
273 3690
274 2446
275 2614
276 1736
277 2022
278 2101
279 3458
280 792
281 3242
282 3166
283 1161
284 1826
285 437
286 590
287 3612
288 2104
289 2403
290 2073
291 2262
292 1653
293 2253
294 2482
295 3305
296 3504
297 2590
298 3253
299 2895
300 1293
301 1278
302 1009
303 1427
304 3544
305 1886
306 2717
307 3565
308 2714
309 3693
310 73
311 1806
312 994
313 370
314 20
315 2473
316 949
317 484
318 3319
319 2839
320 438
321 1569
322 2503
323 1414
324 1424
325 3273
326 2305
327 1236
328 1220
329 2972
330 2541
331 1566
332 1911
333 1923
334 2971
335 2860
336 3240
337 530
338 1560
339 2259
340 1841
341 1925
342 2253
343 3053
344 3013
345 2721
346 1494
347 2776
348 2797
349 3511
350 2542
351 2077
352 568
353 2345
354 3533
355 2079
356 1596
357 2351
358 1158
359 2635
360 2273
361 787
362 2618
363 232
364 3279
365 2816
366 1335
367 192
368 224
369 276
370 3715
371 2382
372 553
373 2386
374 2622
375 910
376 3640
377 1782
378 750
379 902
380 306
381 3142
382 2769
383 2437
384 410
385 118
386 3587
387 2052
388 2220
389 235
390 615
391 1494
392 1643
393 282
394 1471
395 1625
396 659
397 780
398 488
399 379
400 2153
401 443
402 650
403 2038
404 3489
405 1712
406 1634
407 747
408 1342
409 916
410 506
411 2121
412 799
413 234
414 2633
415 483
416 1793
417 2074
418 1707
419 3537
420 2240
421 3717
422 2280
423 3540
424 1775
425 1923
426 3577
427 1641
428 649
429 2271
430 1005
431 2152
432 942
433 593
434 2241
435 813
436 1794
437 2809
438 3519
439 3328
440 3445
441 1734
442 2705
443 282
444 3071
445 1122
446 1117
447 3405
448 3319
449 3349
450 2854
451 721
452 2932
453 2797
454 249
455 2507
456 675
457 3054
458 859
459 304
460 3442
461 977
462 1596
463 2072
464 1605
465 3146
466 1688
467 35
468 3496
469 3055
470 2779
471 1658
472 3589
473 1404
474 3605
475 2904
476 3389
477 1634
478 3685
479 639
480 3243
481 1137
482 3438
483 1632
484 534
485 580
486 281
487 3701
488 2703
489 344
490 1600
491 1751
492 1406
493 382
494 276
495 2398
496 2422
497 1267
498 674
499 138
500 499
501 2855
502 2901
503 616
504 489
505 2337
506 656
507 551
508 887
509 1648
510 451
511 218
512 1979
513 2619
514 2821
515 2533
516 2951
517 17
518 2686
519 3176
520 1776
521 2839
522 142
523 3053
524 3400
525 634
526 1970
527 2475
528 3153
529 1877
530 2864
531 3624
532 843
533 1454
534 2351
535 3671
536 3517
537 821
538 2608
539 2359
540 83
541 1307
542 709
543 1767
544 2036
545 483
546 1490
547 437
548 2648
549 147
550 238
551 1595
552 1482
553 3362
554 224
555 3346
556 2755
557 798
558 2705
559 373
560 2617
561 2074
562 2775
563 2437
564 3116
565 1008
566 2761
567 2548
568 3583
569 169
570 2981
571 2747
572 20
573 3426
574 3649
575 2245
576 1210
577 777
578 2619
579 1515
580 1183
581 2780
582 3728
583 1738
584 697
585 1388
586 2581
587 3032
588 1839
589 3570
590 2451
591 2310
592 1336
593 1849
594 81
595 2705
596 2489
597 136
598 1298
599 1499
600 893
601 2471
602 3105
603 956
604 2531
605 449
606 2963
607 131
608 2420
609 1652
610 3162
611 1547
612 2769
613 2679
614 2187
615 136
616 2598
617 2950
618 3394
619 428
620 67
621 94
622 3196
623 374
624 1189
625 390
626 2712
627 1229
628 2631
629 3612
630 3391
631 339
632 3181
633 1912
634 3026
635 770
636 1694
637 3232
638 3248
639 715
640 3596
641 2646
642 2163
643 2866
644 490
645 494
646 2463
647 3153
648 1387
649 2953
650 1626
651 3026
652 2062
653 1965
654 3515
655 3336
656 3066
657 3528
658 3460
659 898
660 3711
661 3621
662 1434
663 1668
664 107
665 3006
666 1021
667 2833
668 2651
669 3101
670 1201
671 1681
672 511
673 2568
674 1268
675 2567
676 1689
677 763
678 3089
679 2408
680 3035
681 2717
682 1571
683 911
684 506
685 3052
686 966
687 2000
688 1923
689 1373
690 1340
691 2584
692 2703
693 810
694 95
695 1286
696 2330
697 3514
698 341
699 3256
700 3690
701 1344
702 964
703 696
704 2264
705 3280
706 117
707 1239
708 2152
709 301
710 2859
711 2878
712 2854
713 2268
714 2293
715 2265
716 3498
717 1221
718 1885
719 682
720 1203
721 2199
722 2001
723 3038
724 674
725 2377
726 3405
727 461
728 1753
729 1497
730 2531
731 1407
732 1851
733 3457
734 2422
735 1240
736 3198
737 311
738 708
739 3706
740 3297
741 2800
742 3253
743 2002
744 2200
745 1128
746 3384
747 3274
748 1458
749 139
750 2280
751 2868
752 1676
753 1741
754 2196
755 3495
756 3510
757 2045
758 3631
759 2267
760 146
761 2555
762 1813
763 2105
764 576
765 2653
766 2989
767 1123
768 523
769 272
770 3449
771 1615
772 652
773 2034
774 3420
775 1271
776 3709
777 2518
778 2536
779 1034
780 215
781 1641
782 3365
783 3579
784 2793
785 361
786 1093
787 3510
788 502
789 1711
790 946
791 3728
792 1334
793 1845
794 655
795 719
796 1971
797 3355
798 3693
799 3270
800 941
801 3451
802 3443
803 1440
804 2633
805 1029
806 2235
807 2074
808 1110
809 16
810 2817
811 3100
812 2404
813 2356
814 594
815 1254
816 3265
817 397
818 525
819 2458
820 2552
821 3082
822 507
823 1794
824 858
825 2783
826 1654
827 1854
828 2517
829 2440
830 1030
831 2093
832 2986
833 3011
834 948
835 848
836 2282
837 1303
838 1698
839 2398
840 467
841 3628
842 2229
843 466
844 2942
845 528
846 3366
847 733
848 1002
849 2070
850 890
851 2080
852 2346
853 2381
854 2843
855 2524
856 3133
857 3220
858 1997
859 2071
860 729
861 2006
862 1441
863 537
864 667
865 1667
866 1936
867 2082
868 1636
869 2443
870 950
871 1432
872 2437
873 268
874 3352
875 2232
876 3600
877 1114
878 2508
879 1911
880 1451
881 3039
882 2150
883 2319
884 3370
885 729
886 628
887 1359
888 2792
889 3609
890 3623
891 894
892 1985
893 3510
894 1623
895 251
896 2681
897 1208
898 1544
899 2170
900 1153
901 433
902 1211
903 1346
904 1525
905 650
906 1923
907 3006
908 2650
909 3579
910 2226
911 938
912 2906
913 3613
914 3675
915 1553
916 2489
917 747
918 1428
919 848
920 1821
921 2232
922 896
923 938
924 669
925 2772
926 3625
927 3604
928 1445
929 2466
930 2945
931 1530
932 2237
933 3176
934 3295
935 1250
936 3431
937 1891
938 1056
939 1590
940 2755
941 1003
942 3272
943 3523
944 1053
945 86
946 807
947 2145
948 3655
949 1091
950 1411
951 3050
952 214
953 1162
954 1916
955 2013
956 2803
957 1389
958 3413
959 1139
960 2243
961 3196
962 2628
963 779
964 1158
965 211
966 177
967 2847
968 2492
969 1259
970 2967
971 2779
972 2280
973 3125
974 139
975 204
976 2853
977 799
978 1593
979 2005
980 1201
981 3671
982 1486
983 2297
984 1791
985 310
986 2626
987 3004
988 3355
989 1036
990 3138
991 3457
992 410
993 1093
994 3281
995 1980
996 2804
997 1339
998 793
999 225
1000 2599
1001 2152
1002 864
1003 2707
1004 1973
1005 2876
1006 1227
1007 793
1008 1354
1009 3325
1010 3301
1011 3301
1012 2037
1013 1946
1014 1840
1015 3319
1016 783
1017 798
1018 2366
1019 971
1020 2487
1021 1761
1022 1777
1023 1641
1024 3125
1025 2469
1026 2280
1027 14
1028 1771
1029 2483
1030 1481
1031 2353
1032 3535
1033 145
1034 2699
1035 1505
1036 1608
1037 1206
1038 874
1039 3569
1040 2105
1041 2439
1042 2480
1043 3350
1044 322
1045 2260
1046 2747
1047 356
1048 842
1049 3207
1050 1971
1051 658
1052 3150
1053 3110
1054 143
1055 1747
1056 3392
1057 292
1058 574
1059 3141
1060 2509
1061 3715
1062 2008
1063 55
1064 563
1065 3267
1066 481
1067 564
1068 1889
1069 2919
1070 2288
1071 384
1072 2980
1073 2635
1074 3394
1075 1761
1076 2867
1077 3622
1078 2918
1079 1498
1080 1419
1081 74
1082 3003
1083 1412
1084 2203
1085 2932
1086 418
1087 2260
1088 1145
1089 586
1090 99
1091 2822
1092 414
1093 2479
1094 1400
1095 3380
1096 3418
1097 3363
1098 1103
1099 1302
1100 1992
1101 88
1102 199
1103 2780
1104 784
1105 878
1106 2568
1107 1626
1108 1301
1109 118
1110 1484
1111 1742
1112 2637
1113 2022
1114 2865
1115 251
1116 61
1117 3596
1118 1726
1119 2235
1120 2368
1121 724
1122 1878
1123 2
1124 2946
1125 1813
1126 1932
1127 489
1128 21
1129 3464
1130 1647
1131 374
1132 685
1133 889
1134 2623
1135 1753
1136 1733
1137 2353
1138 1114
1139 646
1140 2741
1141 2268
1142 1243
1143 37
1144 2877
1145 3297
1146 2491
1147 264
1148 515
1149 3421
1150 3425
1151 311
1152 2835
1153 2459
1154 3218
1155 2481
1156 3002
1157 2499
1158 2901
1159 353
1160 2361
1161 3567
1162 3581
1163 3143
1164 513
1165 931
1166 2548
1167 2883
1168 3521
1169 1657
1170 2256
1171 3459
1172 1366
1173 1509
1174 467
1175 2004
1176 475
1177 2997
1178 742
1179 1328
1180 1969
1181 2023
1182 68
1183 3571
1184 1367
1185 1848
1186 1450
1187 2597
1188 961
1189 3352
1190 2790
1191 1556
1192 2039
1193 2162
1194 1433
1195 1271
1196 160
1197 3595
1198 1417
1199 197
1200 3243
1201 89
1202 2555
1203 3647
1204 206
1205 168
1206 1349
1207 3122
1208 918
1209 106
1210 326
1211 3585
1212 1566
1213 3466
1214 89
1215 1015
1216 1445
1217 1896
1218 274
1219 3164
1220 1378
1221 1518
1222 3455
1223 989
1224 3310
1225 3206
1226 254
1227 2415
1228 2117
1229 2286
1230 1091
1231 2212
1232 854
1233 845
1234 2278
1235 2584
1236 3285
1237 3699
1238 665
1239 3059
1240 285
1241 1209
1242 769
1243 13
1244 14
1245 2956
1246 633
1247 2233
1248 211
1249 280
1250 3349
1251 1169
1252 2374
1253 3323
1254 1344
1255 583
1256 2973
1257 3384
1258 1117
1259 89
1260 1410
1261 688
1262 711
1263 3048
1264 2659
1265 1244
1266 555
1267 217
1268 1245
1269 965
1270 2058
1271 1845
1272 3090
1273 916
1274 1985
1275 3670
1276 2637
1277 3707
1278 2446
1279 3248
1280 3143
1281 2648
1282 1029
1283 3019
1284 1367
1285 2057
1286 3705
1287 3605
1288 1693
1289 3678
1290 3270
1291 2060
1292 371
1293 2285
1294 3190
1295 920
1296 2800
1297 164
1298 327
1299 661
1300 1079
1301 628
1302 2281
1303 3701
1304 578
1305 2238
1306 1177
1307 562
1308 2709
1309 726
1310 1151
1311 3182
1312 1058
1313 3387
1314 1323
1315 3646
1316 772
1317 2810
1318 1964
1319 175
1320 2015
1321 2996
1322 1568
1323 355
1324 3512
1325 3689
1326 2810
1327 3598
1328 1481
1329 594
1330 1294
1331 3263
1332 905
1333 3114
1334 325
1335 1388
1336 1183
1337 2966
1338 2166
1339 3
1340 3651
1341 2771
1342 2311
1343 153
1344 2115
1345 1319
1346 2614
1347 3028
1348 2901
1349 3306
1350 289
1351 1458
1352 2225
1353 2255
1354 134
1355 2080
1356 3600
1357 2635
1358 3082
1359 618
1360 456
1361 991
1362 1948
1363 2411
1364 3255
1365 1743
1366 2404
1367 1631
1368 2107
1369 3613
1370 1290
1371 3278
1372 2390
1373 78
1374 2060
1375 2941
1376 3275
1377 2235
1378 2936
1379 3563
1380 3133
1381 388
1382 3556
1383 14
1384 2852
1385 3578
1386 2929
1387 2905
1388 115
1389 650
1390 2386
1391 2354
1392 810
1393 2121
1394 3211
1395 2119
1396 2484
1397 3220
1398 2564
1399 1094
1400 2262
1401 860
1402 3571
1403 304
1404 1902
1405 1610
1406 3401
1407 994
1408 269
1409 721
1410 358
1411 1121
1412 598
1413 1741
1414 2879
1415 841
1416 841
1417 1836
1418 1484
1419 2453
1420 3310
1421 2618
1422 1187
1423 78
1424 3184
1425 2993
1426 570
1427 2676
1428 1785
1429 2973
1430 495
1431 1628
1432 1070
1433 2177
1434 1124
1435 1315
1436 3358
1437 2148
1438 2300
1439 2857
1440 397
1441 1887
1442 770
1443 322
1444 3687
1445 3067
1446 1114
1447 470
1448 1301
1449 2143
1450 3525
1451 2092
1452 1567
1453 2582
1454 815
1455 2825
1456 794
1457 1436
1458 3202
1459 3547
1460 1882
1461 402
1462 2175
1463 274
1464 3504
1465 1119
1466 1418
1467 2750
1468 2250
1469 2924
1470 1259
1471 2659
1472 735
1473 3394
1474 1942
1475 3134
1476 2294
1477 3636
1478 3622
1479 3597
1480 1802
1481 681
1482 2067
1483 1223
1484 3422
1485 3343
1486 341
1487 2124
1488 493
1489 3331
1490 348
1491 2853
1492 2934
1493 2419
1494 2427
1495 1182
1496 1110
1497 1949
1498 2863
1499 2892
1500 1565
1501 767
1502 1752
1503 372
1504 1705
1505 2165
1506 2679
1507 2303
1508 3190
1509 2469
1510 3506
1511 1046
1512 2142
1513 1284
1514 55
1515 2391
1516 3538
1517 3572
1518 3428
1519 2885
1520 2060
1521 2761
1522 2259
1523 742
1524 1469
1525 2187
1526 1771
1527 3260
1528 1837
1529 2117
1530 2473
1531 2385
1532 1757
1533 1155
1534 2382
1535 1066
1536 2277
1537 257
1538 2847
1539 1893
1540 144
1541 1718
1542 2041
1543 903
1544 1773
1545 2175
1546 2947
1547 964
1548 998
1549 129
1550 2101
1551 3077
1552 2714
1553 3305
1554 2944
1555 237
1556 360
1557 544
1558 1421
1559 2389
1560 1536
1561 1914
1562 386
1563 1456
1564 2512
1565 709
1566 3463
1567 1926
1568 1197
1569 3570
1570 3381
1571 436
1572 1955
1573 1872
1574 564
1575 1750
1576 836
1577 2286
1578 2814
1579 1567
1580 2201
1581 2921
1582 3320
1583 1861
1584 618
1585 2397
1586 2361
1587 1781
1588 441
1589 1968
1590 3267
1591 570
1592 482
1593 321
1594 82
1595 2939
1596 766
1597 1644
1598 2617
1599 2586
1600 1818
1601 3572
1602 2389
1603 2447
1604 3264
1605 2280
1606 3047
1607 1772
1608 941
1609 2054
1610 3531
1611 124
1612 3518
1613 1733
1614 3228
1615 2099
1616 1838
1617 1630
1618 369
1619 2994
1620 1583
1621 3297
1622 1636
1623 2746
1624 2343
1625 2137
1626 2340
1627 1711
1628 728
1629 464
1630 518
1631 1713
1632 1860
1633 1181
1634 907
1635 746
1636 2420
1637 2747
1638 3407
1639 218
1640 3507
1641 2871
1642 1287
1643 2702
1644 3635
1645 886
1646 1051
1647 3189
1648 1232
1649 2273
1650 3076
1651 3262
1652 2378
1653 2348
1654 3020
1655 1081
1656 905
1657 108
1658 1259
1659 1124
1660 1967
1661 520
1662 2358
1663 521
1664 3619
1665 696
1666 2247
1667 1799
1668 2243
1669 2621
1670 2880
1671 1064
1672 1869
1673 1684
1674 2924
1675 3094
1676 248
1677 936
1678 764
1679 1221
1680 9
1681 1737
1682 1954
1683 1905
1684 1618
1685 1827
1686 2532
1687 1137
1688 2481
1689 258
1690 363
1691 1940
1692 83
1693 1724
1694 1614
1695 2436
1696 2546
1697 845
1698 1926
1699 665
1700 3321
1701 2949
1702 809
1703 3644
1704 1217
1705 3493
1706 2038
1707 1914
1708 3415
1709 2778
1710 2234
1711 2190
1712 3434
1713 2554
1714 2248
1715 2467
1716 595
1717 2351
1718 1074
1719 3182
1720 3297
1721 1824
1722 1292
1723 1018
1724 229
1725 1908
1726 2594
1727 2499
1728 1436
1729 2981
1730 3044
1731 374
1732 954
1733 1589
1734 1312
1735 407
1736 1174
1737 2010
1738 3706
1739 1759
1740 1120
1741 3415
1742 3458
1743 2761
1744 571
1745 2422
1746 20
1747 1132
1748 2498
1749 322
1750 2406
1751 2798
1752 1535
1753 2703
1754 3202
1755 3331
1756 2797
1757 1845
1758 586
1759 3455
1760 3318
1761 857
1762 552
1763 1146
1764 695
1765 768
1766 2415
1767 346
1768 1721
1769 3669
1770 680
1771 626
1772 6
1773 1759
1774 3235
1775 1127
1776 1206
1777 997
1778 2229
1779 1972
1780 3455
1781 1824
1782 92
1783 3510
1784 3214
1785 2375
1786 3382
1787 225
1788 1126
1789 2249
1790 2240
1791 684
1792 1394
1793 2894
1794 3112
1795 1442
1796 2627
1797 2191
1798 3177
1799 1169
1800 2843
1801 625
1802 1117
1803 1725
1804 1391
1805 1420
1806 2496
1807 2692
1808 2738
1809 2718
1810 3343
1811 2976
1812 252
1813 883
1814 1055
1815 322
1816 2146
1817 2480
1818 800
1819 3596
1820 1964
1821 2603
1822 2137
1823 1106
1824 463
1825 1104
1826 1433
1827 819
1828 1919
1829 586
1830 2881
1831 1481
1832 1941
1833 2229
1834 2781
1835 113
1836 2341
1837 1413
1838 157
1839 1486
1840 3016
1841 2692
1842 336
1843 3139
1844 1000
1845 2449
1846 233
1847 3100
1848 3230
1849 1048
1850 2068
1851 2280
1852 2941
1853 1244
1854 140
1855 3189
1856 1516
1857 2830
1858 1908
1859 400
1860 3724
1861 1280
1862 586
1863 1305
1864 3083
1865 1148
1866 2229
1867 3377
1868 2046
1869 2557
1870 3361
1871 725
1872 2312
1873 1940
1874 2090
1875 2663
1876 3590
1877 3350
1878 2268
1879 3271
1880 1358
1881 2164
1882 390
1883 1190
1884 1068
1885 3316
1886 2004
1887 2866
1888 1528
1889 2604
1890 2951
1891 1287
1892 420
1893 822
1894 1679
1895 3195
1896 2411
1897 1047
1898 1899
1899 3508
1900 2338
1901 1036
1902 584
1903 853
1904 3681
1905 3727
1906 412
1907 2286
1908 379
1909 911
1910 3196
1911 3565
1912 2658
1913 3202
1914 1668
1915 1501
1916 1524
1917 1300
1918 1891
1919 922
1920 2777
1921 1439
1922 2288
1923 1429
1924 1650
1925 3521
1926 2671
1927 1274
1928 3093
1929 3062
1930 63
1931 1071
1932 385
1933 2420
1934 1092
1935 1079
1936 2974
1937 73
1938 647
1939 2225
1940 1620
1941 3086
1942 2465
1943 2775
1944 2922
1945 474
1946 1378
1947 2887
1948 819
1949 965
1950 253
1951 2233
1952 3689
1953 3166
1954 819
1955 2804
1956 1932
1957 980
1958 2447
1959 3363
1960 522
1961 2370
1962 1320
1963 1398
1964 2930
1965 3328
1966 3001
1967 3003
1968 3117
1969 1133
1970 1529
1971 670
1972 3607
1973 1625
1974 683
1975 955
1976 1815
1977 2625
1978 3339
1979 286
1980 1850
1981 1310
1982 1215
1983 2356
1984 1626
1985 3052
1986 1178
1987 3312
1988 2692
1989 3688
1990 3270
1991 350
1992 2502
1993 352
1994 1663
1995 867
1996 2781
1997 2984
1998 3055
1999 3680
2000 2562
2001 3325
2002 3606
2003 3052
2004 1048
2005 1684
2006 2326
2007 656
2008 1970
2009 1726
2010 1472
2011 1706
2012 1388
2013 2540
2014 3005
2015 2320
2016 30
2017 3563
2018 1612
2019 543
2020 387
2021 3690
2022 462
2023 2220
2024 2551
2025 3027
2026 3175
2027 1310
2028 426
2029 1519
2030 3305
2031 2967
2032 2667
2033 333
2034 2707
2035 3713
2036 821
2037 373
2038 1502
2039 855
2040 2262
2041 1214
2042 1680
2043 426
2044 2513
2045 3591
2046 2462
2047 655
2048 443
2049 1904
2050 561
2051 506
2052 202
2053 2158
2054 3456
2055 2292
2056 2320
2057 2149
2058 3642
2059 2566
2060 469
2061 2649
2062 1471
2063 2640
2064 3402
2065 3134
2066 3719
2067 2164
2068 1967
2069 2381
2070 1562
2071 3270
2072 375
2073 650
2074 3489
2075 2736
2076 3590
2077 3277
2078 3272
2079 1277
2080 1464
2081 680
2082 222
2083 165
2084 2849
2085 3071
2086 3598
2087 3043
2088 2544
2089 2495
2090 1245
2091 1947
2092 1243
2093 1504
2094 3227
2095 2646
2096 287
2097 3642
2098 2882
2099 1463
2100 3561
2101 105
2102 1537
2103 1762
2104 1436
2105 1223
2106 2971
2107 1210
2108 2762
2109 1208
2110 1304
2111 2350
2112 3019
2113 419
2114 3075
2115 3001
2116 530
2117 2495
2118 234
2119 431
2120 3043
2121 2060
2122 1788
2123 2864
2124 2833
2125 2755
2126 1208
2127 1331
2128 1468
2129 1467
2130 495
2131 608
2132 2091
2133 3457
2134 3149
2135 3170
2136 2535
2137 913
2138 2813
2139 175
2140 3407
2141 3351
2142 2264
2143 1223
2144 608
2145 2262
2146 2850
2147 117
2148 769
2149 975
2150 183
2151 889
2152 497
2153 1405
2154 1381
2155 1750
2156 3278
2157 2213
2158 2700
2159 2591
2160 3354
2161 3482
2162 1236
2163 3372
2164 307
2165 683
2166 2750
2167 233
2168 335
2169 1455
2170 12
2171 2532
2172 1753
2173 1096
2174 2849
2175 3094
2176 3672
2177 1849
2178 2192
2179 3530
2180 1202
2181 2345
2182 745
2183 1675
2184 484
2185 1278
2186 1336
2187 1817
2188 1325
2189 3592
2190 2672
2191 3674
2192 2512
2193 1202
2194 267
2195 1336
2196 2332
2197 3139
2198 2618
2199 312
2200 2215
2201 2107
2202 588
2203 3127
2204 2044
2205 2723
2206 3115
2207 983
2208 3458
2209 1416
2210 319
2211 807
2212 1541
2213 996
2214 2341
2215 2274
2216 774
2217 1431
2218 900
2219 947
2220 1511
2221 2257
2222 2041
2223 2787
2224 193
2225 1721
2226 2990
2227 2411
2228 1436
2229 1805
2230 3118
2231 2044
2232 3401
2233 1130
2234 2522
2235 261
2236 2253
2237 659
2238 837
2239 449
2240 1731
2241 1179
2242 301
2243 2256
2244 3170
2245 2448
2246 680
2247 718
2248 3515
2249 547
2250 2967
2251 422
2252 2159
2253 64
2254 1573
2255 2162
2256 3644
2257 653
2258 850
2259 3352
2260 3123
2261 1731
2262 3541
2263 426
2264 2679
2265 2218
2266 2
2267 14
2268 1557
2269 2186
2270 540
2271 826
2272 2056
2273 1839
2274 93
2275 731
2276 401
2277 3339
2278 2059
2279 2490
2280 2808
2281 2547
2282 3427
2283 1348
2284 1439
2285 3219
2286 1655
2287 2690
2288 999
2289 1554
2290 1195
2291 574
2292 1493
2293 2579
2294 2146
2295 3721
2296 145
2297 2464
2298 2917
2299 2316
2300 2252
2301 1198
2302 1229
2303 2477
2304 638
2305 1407
2306 2186
2307 2616
2308 1020
2309 842
2310 469
2311 723
2312 3344
2313 550
2314 752
2315 1183
2316 1393
2317 735
2318 1545
2319 2759
2320 87
2321 1616
2322 2274
2323 999
2324 103
2325 3580
2326 3350
2327 608
2328 2471
2329 803
2330 9
2331 2130
2332 2654
2333 714
2334 2204
2335 367
2336 3522
2337 3008
2338 2632
2339 1632
2340 492
2341 2251
2342 1147
2343 989
2344 2236
2345 1659
2346 891
2347 1875
2348 3457
2349 2377
2350 2499
2351 55
2352 1216
2353 350
2354 1951
2355 1030
2356 1867
2357 418
2358 306
2359 1451
2360 476
2361 2042
2362 3654
2363 2090
2364 3696
2365 2287
2366 3679
2367 1499
2368 3321
2369 2169
2370 1673
2371 2804
2372 848
2373 1058
2374 3541
2375 2666
2376 324
2377 2383
2378 3596
2379 418
2380 1267
2381 724
2382 1326
2383 2336
2384 1596
2385 124
2386 1442
2387 3533
2388 2239
2389 2046
2390 3102
2391 3117
2392 2943
2393 87
2394 3624
2395 1849
2396 1231
2397 3518
2398 1053
2399 2295
2400 763
2401 1049
2402 602
2403 1830
2404 966
2405 44
2406 572
2407 2041
2408 2406
2409 2847
2410 2471
2411 2280
2412 3256
2413 3305
2414 2009
2415 3342
2416 2014
2417 2745
2418 739
2419 27
2420 746
2421 1438
2422 2548
2423 2501
2424 1664
2425 3257
2426 1280
2427 1130
2428 1243
2429 3317
2430 72
2431 3620
2432 531
2433 362
2434 2474
2435 2884
2436 1569
2437 2178
2438 62
2439 2594
2440 2096
2441 1191
2442 773
2443 1400
2444 1558
2445 1884
2446 1351
2447 1420
2448 803
2449 1426
2450 1839
2451 2376
2452 1698
2453 1188
2454 971
2455 628
2456 3488
2457 1345
2458 1935
2459 988
2460 17
2461 1047
2462 2982
2463 1521
2464 1880
2465 2328
2466 3556
2467 1300
2468 2265
2469 1256
2470 3239
2471 3300
2472 1069
2473 3336
2474 2853
2475 2722
2476 598
2477 3194
2478 3419
2479 1639
2480 1691
2481 2590
2482 750
2483 1746
2484 2112
2485 379
2486 2713
2487 1014
2488 2230
2489 3096
2490 2272
2491 1899
2492 1284
2493 2905
2494 3134
2495 404
2496 2563
2497 319
2498 273
2499 1762
2500 3476
2501 1482
2502 480
2503 3701
2504 1328
2505 1170
2506 3259
2507 999
2508 2600
2509 799
2510 902
2511 1711
2512 1127
2513 3282
2514 3262
2515 883
2516 2564
2517 747
2518 1509
2519 425
2520 3479
2521 3083
2522 741
2523 3547
2524 2948
2525 1979
2526 1807
2527 1293
2528 1228
2529 1310
2530 2876
2531 436
2532 56
2533 1729
2534 1962
2535 2032
2536 319
2537 2512
2538 1345
2539 1083
2540 3241
2541 684
2542 3091
2543 3214
2544 1792
2545 1488
2546 2107
2547 2117
2548 3601
2549 1661
2550 425
2551 147
2552 3560
2553 2415
2554 3441
2555 3290
2556 379
2557 1014
2558 2300
2559 2815
2560 2591
2561 1527
2562 653
2563 2017
2564 558
2565 1296
2566 2054
2567 433
2568 921
2569 3151
2570 1510
2571 2717
2572 2736
2573 1535
2574 2218
2575 676
2576 730
2577 1477
2578 164
2579 2232
2580 397
2581 1349
2582 199
2583 3685
2584 3535
2585 1487
2586 3654
2587 2077
2588 266
2589 2744
2590 2433
2591 3230
2592 2389
2593 722
2594 3007
2595 592
2596 571
2597 2416
2598 444
2599 2683
2600 3474
2601 1613
2602 1400
2603 2932
2604 1129
2605 884
2606 3153
2607 3283
2608 1356
2609 1957
2610 3590
2611 3422
2612 635
2613 1629
2614 2510
2615 2479
2616 3703
2617 1057
2618 1518
2619 3542
2620 1234
2621 245
2622 2184
2623 154
2624 265
2625 855
2626 3363
2627 355
2628 2138
2629 406
2630 1321
2631 1947
2632 2097
2633 2001
2634 931
2635 848
2636 1418
2637 3182
2638 2631
2639 1764
2640 2225
2641 3360
2642 240
2643 3502
2644 1042
2645 3390
2646 3183
2647 868
2648 940
2649 807
2650 444
2651 3544
2652 454
2653 3191
2654 2416
2655 472
2656 2054
2657 217
2658 3639
2659 1063
2660 1935
2661 2764
2662 2404
2663 2196
2664 2247
2665 150
2666 1005
2667 1261
2668 2042
2669 3564
2670 63
2671 2767
2672 1974
2673 764
2674 3489
2675 3105
2676 1102
2677 1501
2678 1559
2679 978
2680 554
2681 3432
2682 952
2683 2679
2684 1147
2685 3676
2686 1760
2687 3356
2688 1778
2689 446
2690 2008
2691 3551
2692 1137
2693 2186
2694 3200
2695 718
2696 2073
2697 3601
2698 2822
2699 1190
2700 1324
2701 1955
2702 330
2703 471
2704 2307
2705 1318
2706 2523
2707 2397
2708 1895
2709 2161
2710 3124
2711 1382
2712 3230
2713 3154
2714 617
2715 2142
2716 624
2717 3726
2718 1947
2719 156
2720 1820
2721 1330
2722 3596
2723 1507
2724 3458
2725 405
2726 2362
2727 3075
2728 489
2729 3480
2730 2326
2731 235
2732 270
2733 3105
2734 3340
2735 1859
2736 527
2737 2918
2738 2807
2739 2269
2740 109
2741 1014
2742 3079
2743 833
2744 1434
2745 1483
2746 2841
2747 3272
2748 2365
2749 73
2750 3629
2751 441
2752 349
2753 3193
2754 3059
2755 3468
2756 1336
2757 987
2758 2302
2759 1907
2760 2431
2761 671
2762 1052
2763 931
2764 2953
2765 2000
2766 3451
2767 2586
2768 1378
2769 2448
2770 2655
2771 252
2772 3631
2773 950
2774 2272
2775 3729
2776 2984
2777 3215
2778 197
2779 1310
2780 2199
2781 2397
2782 3688
2783 12
2784 196
2785 1816
2786 3462
2787 2244
2788 1047
2789 2558
2790 901
2791 1917
2792 3658
2793 2217
2794 3165
2795 3133
2796 2255
2797 1360
2798 1175
2799 2044
2800 2102
2801 1412
2802 2891
2803 478
2804 321
2805 1078
2806 2338
2807 2402
2808 410
2809 3541
2810 6
2811 1939
2812 645
2813 1320
2814 945
2815 1056
2816 1464
2817 1488
2818 3609
2819 1878
2820 1222
2821 1019
2822 3264
2823 2470
2824 2825
2825 423
2826 497
2827 2712
2828 2824
2829 3119
2830 3005
2831 736
2832 1421
2833 2808
2834 1388
2835 1481
2836 1690
2837 2923
2838 3422
2839 368
2840 2579
2841 1905
2842 1124
2843 1638
2844 853
2845 158
2846 198
2847 1378
2848 30
2849 1457
2850 3085
2851 1897
2852 1010
2853 30
2854 1785
2855 2471
2856 1509
2857 1763
2858 3024
2859 394
2860 2389
2861 3124
2862 986
2863 1109
2864 2846
2865 1924
2866 3386
2867 2861
2868 1337
2869 192
2870 1340
2871 469
2872 3626
2873 48
2874 2628
2875 3423
2876 1012
2877 2895
2878 547
2879 685
2880 2803
2881 2210
2882 1178
2883 2469
2884 3700
2885 1355
2886 3150
2887 2658
2888 2321
2889 488
2890 2238
2891 178
2892 2593
2893 478
2894 605
2895 957
2896 227
2897 2451
2898 1975
2899 1750
2900 858
2901 1695
2902 3254
2903 3584
2904 1068
2905 2546
2906 2799
2907 283
2908 1180
2909 628
2910 516
2911 819
2912 299
2913 1416
2914 318
2915 1046
2916 159
2917 2024
2918 313
2919 1711
2920 1677
2921 3395
2922 718
2923 462
2924 2541
2925 2902
2926 632
2927 1975
2928 2940
2929 198
2930 1247
2931 3625
2932 10
2933 1414
2934 2056
2935 2439
2936 2088
2937 1939
2938 1695
2939 758
2940 2325
2941 2080
2942 1468
2943 789
2944 982
2945 2399
2946 2981
2947 933
2948 1366
2949 2603
2950 1725
2951 1241
2952 209
2953 1249
2954 2357
2955 1633
2956 2637
2957 2519
2958 3084
2959 1241
2960 2196
2961 1765
2962 2443
2963 3418
2964 2972
2965 2078
2966 1077
2967 615
2968 973
2969 68
2970 473
2971 1454
2972 992
2973 1565
2974 323
2975 1673
2976 1376
2977 3277
2978 2099
2979 885
2980 3502
2981 2255
2982 1960
2983 438
2984 399
2985 1733
2986 3393
2987 3357
2988 3489
2989 1312
2990 2902
2991 3615
2992 3248
2993 942
2994 3489
2995 234
2996 503
2997 931
2998 1382
2999 2163
3000 3555
3001 1863
3002 3231
3003 429
3004 175
3005 886
3006 409
3007 2516
3008 2689
3009 3083
3010 1227
3011 768
3012 2974
3013 3140
3014 2629
3015 2974
3016 545
3017 564
3018 2336
3019 1120
3020 1032
3021 1734
3022 1777
3023 735
3024 2957
3025 955
3026 2187
3027 154
3028 3359
3029 2278
3030 2641
3031 1340
3032 973
3033 943
3034 2621
3035 627
3036 2790
3037 2095
3038 3158
3039 1162
3040 2119
3041 3403
3042 822
3043 591
3044 1365
3045 1137
3046 3293
3047 314
3048 2134
3049 840
3050 882
3051 1468
3052 2162
3053 867
3054 674
3055 2970
3056 951
3057 3707
3058 2278
3059 1962
3060 2987
3061 1163
3062 1264
3063 3585
3064 2186
3065 3070
3066 1313
3067 509
3068 372
3069 2377
3070 2672
3071 1195
3072 1105
3073 6
3074 2891
3075 871
3076 2904
3077 2224
3078 2912
3079 1094
3080 74
3081 3090
3082 2686
3083 512
3084 1714
3085 3544
3086 3508
3087 287
3088 518
3089 3271
3090 2655
3091 2549
3092 1277
3093 963
3094 3448
3095 3200
3096 1588
3097 1520
3098 3173
3099 2338
3100 3223
3101 656
3102 658
3103 928
3104 3522
3105 1839
3106 270
3107 1621
3108 1537
3109 1714
3110 3086
3111 1154
3112 556
3113 2039
3114 3192
3115 490
3116 3202
3117 3641
3118 1291
3119 3628
3120 677
3121 2556
3122 2102
3123 2093
3124 1253
3125 1426
3126 86
3127 943
3128 3581
3129 2718
3130 2829
3131 2559
3132 1767
3133 1167
3134 2996
3135 2469
3136 432
3137 2498
3138 1337
3139 3649
3140 3225
3141 2385
3142 3461
3143 2159
3144 828
3145 331
3146 3600
3147 11
3148 484
3149 1856
3150 3472
3151 3010
3152 2227
3153 1470
3154 1968
3155 3287
3156 782
3157 1542
3158 1867
3159 269
3160 8
3161 2449
3162 756
3163 283
3164 3212
3165 97
3166 2944
3167 3031
3168 3176
3169 797
3170 2924
3171 1653
3172 1853
3173 1264
3174 1596
3175 3604
3176 351
3177 2364
3178 3198
3179 404
3180 16
3181 1471
3182 1343
3183 1555
3184 3412
3185 1293
3186 1536
3187 1192
3188 115
3189 1145
3190 2973
3191 3297
3192 3465
3193 1274
3194 1690
3195 1101
3196 1770
3197 986
3198 356
3199 3224
3200 1141
3201 3369
3202 1441
3203 1699
3204 566
3205 2261
3206 3071
3207 260
3208 898
3209 2357
3210 1354
3211 1050
3212 2161
3213 359
3214 952
3215 2344
3216 2486
3217 3697
3218 1976
3219 158
3220 1619
3221 3164
3222 2737
3223 2797
3224 3704
3225 2660
3226 342
3227 3578
3228 2387
3229 1965
3230 2005
3231 2243
3232 850
3233 2334
3234 1661
3235 1758
3236 2561
3237 477
3238 2957
3239 2233
3240 2458
3241 56
3242 1699
3243 1401
3244 1642
3245 1572
3246 73
3247 3548
3248 1787
3249 337
3250 2199
3251 1438
3252 1883
3253 3636
3254 630
3255 3501
3256 2211
3257 1408
3258 250
3259 2135
3260 2107
3261 1373
3262 1646
3263 2130
3264 9
3265 1649
3266 454
3267 3444
3268 3252
3269 3686
3270 225
3271 969
3272 1514
3273 3185
3274 2183
3275 2753
3276 1728
3277 2439
3278 2737
3279 1188
3280 2712
3281 3288
3282 3062
3283 383
3284 1767
3285 1268
3286 58
3287 1608
3288 2564
3289 2407
3290 3026
3291 1451
3292 725
3293 1814
3294 3652
3295 2974
3296 2076
3297 2014
3298 2445
3299 2379
3300 839
3301 3298
3302 2903
3303 2698
3304 193
3305 681
3306 420
3307 2906
3308 3679
3309 56
3310 694
3311 1782
3312 3430
3313 939
3314 3394
3315 3611
3316 2723
3317 3542
3318 1785
3319 2267
3320 397
3321 3668
3322 2114
3323 2831
3324 1683
3325 2671
3326 649
3327 3276
3328 3064
3329 2105
3330 2811
3331 3160
3332 253
3333 3305
3334 18
3335 3355
3336 391
3337 1984
3338 2634
3339 2269
3340 3052
3341 1622
3342 1974
3343 3464
3344 239
3345 71
3346 2182
3347 2082
3348 612
3349 672
3350 3000
3351 2910
3352 697
3353 1406
3354 3095
3355 3476
3356 2512
3357 234
3358 3212
3359 1306
3360 3590
3361 862
3362 1090
3363 397
3364 2392
3365 1241
3366 1624
3367 1463
3368 1540
3369 1529
3370 362
3371 2647
3372 2047
3373 2994
3374 3640
3375 3646
3376 472
3377 2657
3378 3168
3379 3164
3380 899
3381 1247
3382 2079
3383 2506
3384 675
3385 2630
3386 619
3387 562
3388 2478
3389 3430
3390 2610
3391 162
3392 3124
3393 1083
3394 1151
3395 1461
3396 1383
3397 2028
3398 846
3399 3020
3400 1238
3401 1842
3402 2622
3403 2150
3404 1837
3405 1031
3406 1595
3407 1480
3408 2968
3409 1991
3410 904
3411 715
3412 1411
3413 1885
3414 2818
3415 1335
3416 1349
3417 654
3418 1085
3419 514
3420 1455
3421 1216
3422 1880
3423 2348
3424 391
3425 3681
3426 791
3427 1815
3428 2976
3429 1253
3430 431
3431 882
3432 2683
3433 1433
3434 1603
3435 2639
3436 3690
3437 2873
3438 846
3439 2671
3440 3030
3441 2069
3442 2576
3443 2073
3444 206
3445 1494
3446 2770
3447 1872
3448 3619
3449 3711
3450 1425
3451 1494
3452 3697
3453 141
3454 426
3455 2785
3456 2454
3457 1537
3458 925
3459 849
3460 411
3461 2713
3462 3435
3463 3515
3464 1460
3465 908
3466 3360
3467 1910
3468 2493
3469 1109
3470 1611
3471 3377
3472 2274
3473 635
3474 886
3475 231
3476 3331
3477 3301
3478 2986
3479 2878
3480 630
3481 3130
3482 102
3483 1801
3484 2253
3485 2625
3486 3215
3487 3245
3488 597
3489 3131
3490 536
3491 3717
3492 46
3493 827
3494 2251
3495 330
3496 1301
3497 2563
3498 3233
3499 1845
3500 654
3501 2640
3502 3570
3503 1732
3504 1710
3505 263
3506 2786
3507 2321
3508 785
3509 820
3510 2511
3511 1206
3512 3631
3513 1829
3514 1866
3515 479
3516 828
3517 2070
3518 50
3519 2388
3520 3640
3521 1586
3522 3401
3523 833
3524 2849
3525 1566
3526 1295
3527 2295
3528 2338
3529 1467
3530 1089
3531 3348
3532 2054
3533 2268
3534 1171
3535 3532
3536 3499
3537 1664
3538 3298
3539 2016
3540 1633
3541 1480
3542 342
3543 1484
3544 758
3545 2765
3546 1953
3547 1947
3548 799
3549 3347
3550 1285
3551 792
3552 3503
3553 2932
3554 3220
3555 2952
3556 2549
3557 1296
3558 236
3559 2717
3560 813
3561 1892
3562 457
3563 2305
3564 1951
3565 802
3566 2566
3567 2856
3568 1087
3569 2204
3570 1575
3571 931
3572 747
3573 2169
3574 2427
3575 3145
3576 1325
3577 2027
3578 2655
3579 1453
3580 3369
3581 1925
3582 281
3583 325
3584 1406
3585 2414
3586 1117
3587 585
3588 1956
3589 2065
3590 438
3591 1447
3592 1272
3593 3085
3594 3306
3595 3122
3596 2413
3597 1504
3598 503
3599 1705
3600 2674
3601 2310
3602 1842
3603 756
3604 2836
3605 3668
3606 825
3607 1031
3608 1980
3609 3619
3610 1452
3611 1323
3612 3496
3613 3722
3614 3610
3615 2881
3616 1169
3617 2913
3618 2923
3619 268
3620 436
3621 2030
3622 1451
3623 2178
3624 3271
3625 1971
3626 866
3627 3127
3628 3050
3629 706
3630 3176
3631 2667
3632 1592
3633 3318
3634 1092
3635 1578
3636 1678
3637 1541
3638 2465
3639 2775
3640 212
3641 2303
3642 3061
3643 2773
3644 1426
3645 2393
3646 157
3647 765
3648 2077
3649 1587
3650 1165
3651 3547
3652 1826
3653 3048
3654 1762
3655 2532
3656 135
3657 1672
3658 1429
3659 3239
3660 1599
3661 2176
3662 498
3663 1860
3664 1842
3665 2737
3666 3496
3667 2737
3668 3544
3669 3072
3670 641
3671 2689
3672 416
3673 3401
3674 2237
3675 2191
3676 757
3677 341
3678 1832
3679 1737
3680 3418
3681 2832
3682 1843
3683 2218
3684 1050
3685 1443
3686 2955
3687 1584
3688 2742
3689 1412
3690 3450
3691 1015
3692 3694
3693 1963
3694 781
3695 962
3696 3075
3697 2953
3698 1753
3699 3068
3700 2228
3701 980
3702 2078
3703 321
3704 1785
3705 1592
3706 1448
3707 1451
3708 714
3709 3401
3710 1230
3711 1143
3712 692
3713 3131
3714 76
3715 3489
3716 1879
3717 1258
3718 2334
3719 1031
3720 1034
3721 1091
3722 1605
3723 520
3724 2878
3725 1369
3726 628
3727 2516
3728 1931
2431
2363
2922
3225
372
430
2601
1359
3233
889
3638
587
1745
2192
403
2034
168
2381
1409
3189
2325
2067
869
1610
3267
2549
45
335
3522
242
1246
277
3459
2673
2260
3419
1798
129
2799
2016
1369
2006
3175
2510
811
3108
2362
2556
1454
1997
2612
3171
3073
1399
1191
1659
2868
404
1322
3586
2061
564
1201
1752
2676
249
772
2901
3168
2706
818
3441
3003
341
1465
950
1143
837
212
2395
2339
2019
3031
2231
2784
592
3611
2822
1314
3544
2145
2373
3309
2523
2023
3268
2321
2111
2371
1437
1478
10
2295
2257
2001
2040
2053
3125
1175
3637
1740
507
2956
2672
602
1503
3154
1890
2092
1965
359
3618
926
3401
3698
1048
2468
1570
1310
2106
1680
2765
3695
402
2889
3296
2987
148
999
388
1525
2214
400
895
816
1472
125
626
3555
483
2146
2835
2377
2259
946
966
3024
2250
2219
399
1207
1936
107
1161
536
775
894
3543
3627
457
3071
3552
3718
1396
640
418
2559
1039
312
3391
306
657
591
527
405
3340
2936
1971
2286
3457
3117
387
501
2538
2113
1821
681
3323
2596
1079
1307
1564
2049
1145
474
3360
3280
2433
3361
89
1095
2500
862
561
136
2055
1266
477
2185
3414
1639
3362
1736
2770
1632
3445
1905
3673
286
2643
165
3420
2038
2083
3403
3165
612
707
770
2313
2913
3526
1861
520
149
1562
2029
2069
2620
3241
3645
53
2897
538
2504
2775
3356
1515
2480
3160
892
2261
3716
1281
1688
163
68
938
1566
747
2526
3679
2602
1615
638
2622
3376
57
2988
2753
3446
3310
717
1584
459
2629
1420
1508
2902
2540
3606
3287
684
1638
609
276
3661
348
503
1222
1069
1858
2389
3633
3492
643
228
855
338
2677
1271
3426
290
1347
2600
2514
623
2705
1715
1090
1513
182
1217
1862
1263
2981
38
1839
3187
3417
1273
2010
3121
544
2657
1642
2804
3433
1499
494
324
964
1179
150
2422
1970
788
1037
1596
3712
2144
3602
2779
1125
99
560
1495
185
453
3316
943
953
3590
1896
2164
3593
51
1231
1464
1173
988
864
748
475
3016
3318
2580
1188
2928
1366
3230
284
1737
3276
1484
3102
302
831
3649
439
1149
519
2505
1052
2206
646
518
3215
2885
606
2396
2234
2226
863
1977
2907
3133
2663
1417
3517
3173
2828
743
1410
2608
641
698
1380
3028
2451
760
804
1433
3461
1899
1285
330
1840
382
3220
714
2131
3624
1568
3600
1925
3657
613
1451
3425
1228
2638
3372
3153
1669
3156
3630
3578
2311
433
2187
1886
3064
1754
1557
3641
452
1313
1800
3079
3596
3075
3507
3528
1269
1927
2856
2406
3295
2482
2740
2464
296
3563
3120
3195
1187
1520
1576
2911
597
1184
3527
2674
14
1155
924
2955
656
2163
3147
2360
167
737
2891
3585
48
1028
8
1900
535
1678
1747
3219
1319
415
373
1946
1654
1486
3131
2233
3270
1988
1065
32
583
2298
1634
2927
3214
1214
2235
675
2788
3365
505
3468
2654
1265
1041
506
2301
2119
476
1504
226
3653
315
1980
2687
121
108
2333
940
2481
551
2569
972
2787
279
2560
1744
2177
1270
1006
600
1324
1103
3680
334
1717
2830
2709
978
2578
3070
3451
2609
1558
2975
2080
1889
2353
1407
209
1257
781
3332
1130
1040
3050
1025
3145
423
2132
1919
412
1776
685
1475
3201
541
1482
1872
1502
1468
3484
1126
909
1912
183
1825
2798
927
1891
3167
3521
2364
2458
180
3584
2349
1245
2778
1035
2968
923
471
3259
936
885
3511
3374
2327
1814
3122
2906
739
1846
1724
1333
1076
18
2645
2246
3542
2805
2058
3229
3139
934
2426
2483
1462
3252
3172
674
2623
1391
1466
2488
1129
3598
465
2007
2100
3652
2218
1521
682
3203
1249
3475
3019
867
1746
2774
722
407
1404
44
2334
2716
2047
791
2199
920
2191
2551
3489
1036
654
767
2926
3317
973
2851
853
1560
2171
1030
1489
1815
963
2105
3671
937
3123
2356
218
1158
1998
2275
815
3343
2439
2184
1394
3669
3396
1569
2655
3496
447
4
3068
3399
233
1670
1940
1067
724
787
2401
607
2285
1660
2326
1663
2318
2169
1264
712
3094
780
1064
579
2776
1929
1449
1693
3231
1259
2644
3518
1714
552
825
2614
1113
581
1334
960
437
347
2996
736
2518
2837
1974
1312
3127
3619
2850
2121
37
2854
1268
1675
3255
754
2708
1311
2925
2960
1588
670
710
1014
320
307
949
930
2154
361
1445
2855
2330
1590
308
1494
2582
3493
1091
71
2435
819
188
1116
1873
2947
3144
3609
1408
23
293
1401
1898
1094
1189
806
2773
2438
1493
3469
380
3634
618
2874
907
3054
126
974
2497
3132
1760
1753
370
2316
3681
2262
3443
2722
3285
2045
1848
3435
2162
1992
2503
2009
2993
3010
3520
730
1882
1049
75
1291
309
2193
3159
1176
2070
1110
2935
1658
922
3351
1452
3366
2979
1575
239
959
976
2824
3572
2328
3292
2050
1123
3545
2531
2686
490
96
995
709
1641
50
1241
3185
726
340
2098
1020
745
669
2076
3097
1913
1024
2991
1261
809
1534
1674
1580
2160
3635
800
3473
332
401
766
1966
264
2337
2288
1174
236
2726
2801
3236
2194
584
1277
2141
1138
2812
3644
1750
649
1824
2456
705
3355
3390
3554
3181
2739
1031
426
1051
455
3479
744
2342
1781
1205
1617
1547
3540
3592
769
1884
3096
2110
1612
2126
2999
1139
1355
357
512
3654
1767
677
3642
941
2133
1357
333
3271
100
1723
3523
2871
3001
1716
101
2190
1563
3162
740
851
2336
994
1807
1365
2884
1667
3062
3006
3704
58
687
3691
1633
2005
2959
1236
1953
2477
2963
3530
514
700
3237
3330
2277
52
274
1239
2225
3207
2584
2895
2357
2802
3176
1337
42
711
2398
849
1490
2090
599
695
2068
3045
2035
2303
1208
1542
3334
1226
1507
3442
3721
2372
3179
968
887
1147
1023
1042
3416
1619
3486
1656
3573
2036
1550
1387
2694
205
3093
2892
429
2998
1108
525
1794
2576
1838
1957
3383
2072
3155
1937
1323
3472
1727
2859
2087
2825
207
2222
975
2544
2242
1071
2637
3393
1299
3720
2821
1999
253
3655
1553
1209
1054
1804
3247
1611
289
3364
1968
2315
2878
742
792
1160
2247
1296
2176
1442
2026
1342
2227
1101
3498
3061
1852
3488
1288
878
1624
1015
2258
865
1012
3612
2430
435
928
3524
1354
3067
425
173
2424
2297
1952
195
2661
628
499
3336
3400
1496
3394
1371
2769
1609
2562
3455
2571
2613
269
2278
3629
3485
1989
1567
3118
1328
2780
850
3568
2269
2704
2056
3354
1290
2463
3256
1655
2209
3728
1162
273
155
3647
1497
802
2490
1792
3519
1430
543
2684
2376
3082
1362
1192
3547
1672
1909
1353
3665
1306
80
3099
3029
678
229
2703
2022
1626
2642
1696
414
70
247
3057
829
1878
890
268
2117
3480
3694
389
2440
84
2202
1000
3529
1911
721
575
1150
78
2384
3603
2120
260
424
3623
353
11
1880
1526
3074
1297
2756
3170
1244
2818
1812
2041
1995
3211
2639
1918
1775
3055
3594
1857
1650
3279
755
1893
3116
2626
65
456
1708
2660
2530
481
2064
1948
2478
3631
2879
1327
2385
1487
1135
3404
184
3515
532
1343
545
172
329
2148
1592
2282
1221
1400
189
1763
3329
327
2461
2025
2767
56
510
2208
3722
3178
3344
2727
3234
3205
567
2631
2920
3726
2155
132
137
2410
3341
2273
1255
2534
2502
2489
3204
106
984
3306
2941
1287
2940
1720
2434
1694
225
2308
3044
2809
386
103
1764
692
3297
925
1926
3357
3675
2240
3163
83
1419
431
3415
2388
2733
1733
2916
317
1739
375
2255
61
2532
576
3682
2861
905
1875
1256
1554
3114
2031
2990
1613
287
3146
879
2593
3265
2479
706
2865
1275
1133
2965
565
653
2875
102
3551
1579
2656
2182
3348
1215
3703
2688
1806
3192
980
2842
2320
1258
1698
1788
1853
2152
2060
203
2509
1692
1119
3223
93
377
1195
3002
3020
3381
2186
833
2085
3550
3157
2577
206
639
67
2168
2942
2059
2724
1183
1022
2239
2086
574
3436
624
47
1849
1439
282
461
1637
2466
262
3009
1032
861
2630
2698
2099
2736
3668
2491
1888
40
3385
1358
3308
2900
2813
2997
2382
3377
17
1907
2792
3032
962
893
3183
729
719
1651
3347
161
1251
2735
987
2845
2383
443
3370
1262
1351
3658
1043
3188
159
201
2923
1571
2071
3221
2411
1625
124
3337
904
932
1978
3080
2304
3226
2738
1109
2552
186
1393
2603
3406
1077
177
2103
2418
3421
3384
1529
321
3407
1115
2287
2606
2358
381
3556
280
921
2134
1213
3476
7
1383
192
868
1405
948
3388
655
1046
2153
759
2790
873
1414
1063
752
1536
3358
3456
3626
1166
776
660
2147
1597
2485
2693
1136
1479
1511
854
629
1921
1087
594
2583
2592
2276
3194
469
768
1962
1402
3570
1844
823
410
2157
2864
2487
1843
630
977
2545
1551
2292
666
611
832
3466
2589
784
3576
3148
1364
3398
304
2405
1325
1488
2567
1765
1958
3232
2104
820
1412
1758
3239
1819
2397
2142
844
1572
2670
1822
2248
1084
1349
243
2761
2888
2939
2823
1102
3238
1728
558
3035
3693
2989
1565
636
1643
824
240
836
350
2758
3283
1198
2283
3697
1945
2474
1934
362
3628
2641
2361
763
1415
2484
2519
1516
3444
944
3278
2460
1601
1338
683
1344
3303
3615
271
1645
133
2597
349
2366
1797
105
39
3166
436
142
1833
2003
2441
3458
3508
1594
631
1561
504
718
3210
2520
2102
3350
2448
1537
773
1295
2528
3505
230
601
3561
2887
1066
3650
3228
1975
213
2692
2966
3338
217
3513
2604
2414
130
1390
374
1382
1787
546
2689
563
758
1061
3438
2782
2472
79
2771
2454
913
783
1458
3595
1586
1089
1768
1711
883
981
1206
3604
2096
1216
3251
2651
1778
1330
589
1709
131
3254
2066
462
2611
3041
1535
2346
398
472
1171
1589
733
3449
1653
1742
1010
3300
3174
2407
2883
786
2039
82
3011
2379
2811
176
2984
778
3018
2921
2172
3250
511
115
2051
299
123
484
1211
34
658
498
3470
1595
1603
384
3375
2453
1431
764
2814
2816
1960
143
3447
463
1301
1140
3294
3222
2742
3213
1429
1360
2386
3086
2198
2012
634
1510
1146
1605
2135
2760
2919
3397
2737
2369
2646
3293
2558
2847
114
704
1860
1252
3463
325
761
531
1377
72
2486
1059
1741
2062
3482
411
1134
1533
1240
1903
1772
1816
2585
1722
1078
24
2354
3462
1648
1964
216
2833
1047
3182
1705
1111
2717
1973
1004
1286
3261
1518
586
2079
178
1969
2943
3269
1941
154
1530
3202
3431
1892
841
2995
2312
1702
1517
2251
2197
2291
6
1056
989
2241
2013
857
3199
3000
2097
952
1218
3027
3613
2118
2958
2462
1677
1922
1346
2682
2175
3423
1144
2309
2839
111
1780
2757
1081
2977
2159
285
3304
2953
2710
1500
3546
288
3253
1159
292
2095
777
1602
3410
3439
214
2886
3599
2561
3084
1621
259
3553
2232
1481
2917
3559
1017
1446
2399
2594
2974
3014
1142
537
2394
3101
342
454
1917
2348
2455
2289
1871
3617
86
3282
554
2212
1335
272
2054
1276
5
568
2189
3687
2840
2306
2952
1199
1578
3724
2808
1818
3089
1759
3264
2853
2667
59
1868
817
1649
627
1782
1600
232
2445
1803
2702
3640
2590
1986
3085
3409
1185
881
728
2412
3013
328
935
117
3502
128
1148
2898
1212
2380
2679
2924
364
965
3065
3245
2417
3106
2685
2495
2877
2252
1523
3601
1710
1701
344
134
1416
679
2428
3095
3335
1200
2650
1832
49
1930
3371
2274
2042
667
3702
3331
365
1329
1278
2367
3659
2101
3288
197
144
1685
2044
1073
2937
2914
757
1729
697
840
2329
2245
1955
1810
2302
2653
3386
3177
157
1661
489
1943
1522
1282
2668
1181
1363
2492
446
797
616
127
691
3091
3534
1924
2764
3299
1697
1106
331
2004
1118
3670
3643
1425
957
1326
1684
3302
3706
1548
3632
2204
119
1791
2595
3098
1467
915
383
9
3440
3701
