6880 2590
1 4696
2 4111
3 2222
4 3492
5 2349
6 970
7 2962
8 3672
9 1159
10 5974
11 760
12 1161
13 3532
14 1031
15 5410
16 3738
17 6770
18 2618
19 3354
20 2017
21 2680
22 6852
23 1998
24 1610
25 5982
26 739
27 6740
28 1612
29 5824
30 1807
31 341
32 6340
33 2892
34 3679
35 1437
36 3174
37 1735
38 6380
39 2381
40 5662
41 1269
42 5348
43 5194
44 417
45 117
46 3654
47 6263
48 4607
49 136
50 2557
51 1976
52 6014
53 3601
54 1464
55 2759
56 5853
57 1336
58 6261
59 6139
60 3037
61 2059
62 6764
63 4347
64 1528
65 1129
66 4548
67 6645
68 4959
69 1011
70 1845
71 1923
72 2866
73 3431
74 3120
75 6162
76 3689
77 458
78 4383
79 1915
80 3521
81 1182
82 3057
83 4986
84 1218
85 6204
86 2469
87 4324
88 1557
89 2568
90 4538
91 4302
92 3498
93 2874
94 1002
95 1737
96 1469
97 3412
98 1698
99 184
100 3532
101 771
102 6224
103 6517
104 1508
105 2677
106 6382
107 803
108 4769
109 711
110 5335
111 6493
112 1316
113 3338
114 2030
115 5152
116 3345
117 3213
118 2922
119 4266
120 1527
121 2192
122 3404
123 5239
124 77
125 6633
126 3378
127 4439
128 2140
129 4924
130 1147
131 2255
132 1786
133 313
134 5632
135 5411
136 747
137 3400
138 1966
139 6101
140 680
141 2905
142 712
143 5147
144 4641
145 6153
146 345
147 1651
148 5638
149 5031
150 6353
151 2899
152 3429
153 6356
154 3552
155 3481
156 6384
157 676
158 404
159 5590
160 853
161 145
162 730
163 1560
164 5864
165 5117
166 4387
167 245
168 1755
169 2955
170 4647
171 6543
172 2934
173 2728
174 2829
175 2221
176 6181
177 6704
178 5752
179 4003
180 209
181 305
182 6847
183 5056
184 6230
185 324
186 3201
187 6183
188 3470
189 4045
190 5068
191 5123
192 1604
193 2195
194 680
195 6867
196 4056
197 2527
198 464
199 6597
200 235
201 3907
202 118
203 2131
204 3963
205 1810
206 1086
207 2453
208 1651
209 768
210 4206
211 3896
212 3201
213 6430
214 2727
215 985
216 3428
217 1312
218 1598
219 444
220 5721
221 4639
222 1516
223 156
224 6400
225 5209
226 3243
227 3863
228 1940
229 5447
230 749
231 4639
232 2763
233 2989
234 1214
235 2143
236 917
237 471
238 1251
239 1195
240 1208
241 2311
242 217
243 6394
244 2656
245 6078
246 4134
247 1558
248 778
249 1379
250 5184
251 3667
252 3117
253 5531
254 6615
255 394
256 505
257 4479
258 2691
259 6410
260 4935
261 3290
262 4314
263 5973
264 2424
265 4076
266 1348
267 2221
268 6810
269 6804
270 4736
271 396
272 4329
273 385
274 3580
275 5639
276 126
277 3309
278 1565
279 783
280 2877
281 2187
282 6227
283 3659
284 6793
285 2521
286 2584
287 3091
288 3947
289 2196
290 3516
291 2096
292 2434
293 4269
294 6373
295 873
296 3472
297 4092
298 3244
299 2868
300 4639
301 5939
302 4234
303 5519
304 5399
305 4227
306 4306
307 5824
308 537
309 2569
310 3329
311 928
312 6537
313 2120
314 2266
315 5176
316 6824
317 1300
318 2842
319 5670
320 4192
321 4040
322 4219
323 3190
324 546
325 1893
326 2107
327 5690
328 3138
329 3265
330 5206
331 337
332 2429
333 2324
334 1775
335 5771
336 5633
337 61
338 3772
339 2312
340 390
341 1837
342 6505
343 3048
344 2151
345 3289
346 4592
347 5971
348 5934
349 5734
350 4306
351 2688
352 2060
353 784
354 6406
355 902
356 268
357 75
358 1859
359 2132
360 1719
361 3932
362 995
363 5175
364 1413
365 1969
366 1298
367 3199
368 2247
369 4462
370 6561
371 1855
372 1103
373 295
374 2858
375 3505
376 4003
377 4462
378 6868
379 1061
380 5627
381 5818
382 846
383 2823
384 2970
385 3956
386 5312
387 1921
388 4864
389 1488
390 5002
391 6618
392 3092
393 670
394 6447
395 3773
396 2107
397 2502
398 6507
399 1422
400 3382
401 3975
402 907
403 4876
404 2591
405 572
406 4711
407 6587
408 6012
409 1557
410 522
411 5501
412 1522
413 6269
414 3094
415 2761
416 5381
417 2386
418 2331
419 6691
420 5209
421 1801
422 154
423 6631
424 4738
425 5437
426 2742
427 2363
428 5603
429 2835
430 2730
431 6196
432 5289
433 5755
434 3360
435 5167
436 2496
437 2428
438 2550
439 5044
440 1885
441 1577
442 3531
443 4105
444 4903
445 3658
446 5358
447 2742
448 908
449 5262
450 5234
451 4367
452 15
453 2220
454 5252
455 5974
456 4051
457 3880
458 2955
459 2306
460 1964
461 968
462 4497
463 5436
464 3675
465 1545
466 135
467 1601
468 4624
469 5867
470 945
471 5359
472 3804
473 3005
474 5676
475 4077
476 6125
477 2808
478 3639
479 5666
480 16
481 6697
482 5875
483 971
484 2019
485 5690
486 5609
487 5088
488 1508
489 3237
490 5786
491 78
492 502
493 4271
494 1076
495 4278
496 3577
497 381
498 2065
499 792
500 5326
501 5834
502 779
503 5325
504 4219
505 6646
506 6653
507 4468
508 4275
509 1315
510 1924
511 874
512 3080
513 4042
514 2678
515 271
516 756
517 3974
518 809
519 1923
520 2832
521 5532
522 6612
523 1650
524 2977
525 6726
526 2289
527 5516
528 942
529 765
530 324
531 6097
532 2970
533 694
534 3036
535 3389
536 429
537 4776
538 6378
539 970
540 6667
541 768
542 6497
543 328
544 625
545 2609
546 1484
547 2277
548 5440
549 6317
550 5440
551 836
552 3251
553 6614
554 3842
555 1229
556 2055
557 6298
558 2611
559 4256
560 6213
561 3993
562 1908
563 6246
564 6521
565 6535
566 5334
567 1756
568 4224
569 2630
570 4034
571 6176
572 5909
573 3053
574 2495
575 906
576 2928
577 6214
578 509
579 2745
580 2377
581 1167
582 3711
583 3701
584 1634
585 3277
586 5727
587 4697
588 5092
589 402
590 6223
591 5343
592 3277
593 6240
594 4295
595 2836
596 5537
597 4989
598 4240
599 2822
600 110
601 5797
602 4075
603 4395
604 6719
605 3101
606 2756
607 2586
608 821
609 5402
610 6868
611 738
612 1725
613 2587
614 883
615 3325
616 1002
617 604
618 5362
619 4122
620 4295
621 210
622 719
623 6048
624 5834
625 6595
626 4755
627 2173
628 3252
629 4712
630 3389
631 5460
632 3193
633 1310
634 6
635 1874
636 3772
637 2610
638 3048
639 3536
640 680
641 3403
642 4375
643 5594
644 2762
645 4929
646 2000
647 4859
648 6486
649 3105
650 5017
651 4510
652 6242
653 527
654 1032
655 2674
656 3411
657 484
658 6373
659 767
660 3766
661 2457
662 3605
663 6000
664 4700
665 5276
666 268
667 1703
668 1762
669 3551
670 2691
671 2665
672 3925
673 6531
674 1230
675 1619
676 2445
677 3799
678 71
679 5054
680 997
681 4126
682 4273
683 6076
684 5953
685 3885
686 5571
687 4872
688 1581
689 6374
690 2639
691 1294
692 5247
693 5416
694 4793
695 4075
696 4567
697 6114
698 3590
699 1997
700 6184
701 4327
702 614
703 1613
704 3978
705 6520
706 1855
707 6120
708 6408
709 1322
710 2165
711 3059
712 236
713 1263
714 6096
715 3636
716 4148
717 3781
718 4440
719 4114
720 6441
721 1968
722 596
723 2605
724 4125
725 1390
726 2954
727 4498
728 2957
729 3434
730 1955
731 143
732 4727
733 2765
734 1078
735 6602
736 3726
737 6752
738 2032
739 6002
740 5468
741 5988
742 6665
743 2531
744 1824
745 5510
746 5215
747 1542
748 3227
749 715
750 79
751 6090
752 4492
753 3792
754 5511
755 3180
756 3327
757 1852
758 6392
759 2566
760 5158
761 4629
762 6712
763 786
764 4865
765 5100
766 4483
767 4188
768 4308
769 522
770 4367
771 1674
772 684
773 6795
774 6451
775 2910
776 5503
777 3554
778 2319
779 435
780 4378
781 4763
782 2088
783 4878
784 3912
785 1222
786 6830
787 3661
788 140
789 3596
790 879
791 2495
792 4402
793 1643
794 176
795 697
796 1905
797 4976
798 1012
799 3171
800 5924
801 4899
802 540
803 1461
804 1694
805 5926
806 3855
807 1655
808 4958
809 5259
810 2802
811 1361
812 5885
813 4767
814 1997
815 4887
816 5538
817 1549
818 2052
819 6113
820 4345
821 5494
822 4423
823 4422
824 3266
825 2417
826 1794
827 4910
828 4691
829 2734
830 6687
831 422
832 5630
833 2723
834 4600
835 6341
836 2544
837 4733
838 389
839 916
840 3566
841 5602
842 4806
843 4013
844 6413
845 1355
846 6582
847 6458
848 1964
849 152
850 6212
851 4525
852 455
853 3371
854 2157
855 1558
856 1743
857 3432
858 4693
859 2957
860 5053
861 5537
862 2826
863 2526
864 6318
865 871
866 1799
867 2758
868 2389
869 1070
870 3885
871 395
872 4736
873 6646
874 4941
875 3474
876 747
877 3079
878 3119
879 6836
880 6766
881 3176
882 3978
883 6587
884 1232
885 1489
886 2046
887 4358
888 2782
889 6610
890 3258
891 2463
892 6483
893 5767
894 293
895 6518
896 3361
897 4120
898 1582
899 4236
900 6285
901 370
902 6650
903 2503
904 5121
905 533
906 5293
907 6
908 5848
909 3806
910 6086
911 4157
912 1061
913 4516
914 352
915 834
916 1095
917 2016
918 2563
919 463
920 3416
921 2588
922 5088
923 2148
924 5552
925 2740
926 3356
927 5465
928 4429
929 4021
930 6566
931 1154
932 83
933 1205
934 6199
935 5815
936 993
937 137
938 1223
939 6164
940 3695
941 3848
942 5875
943 821
944 1775
945 5260
946 4180
947 4023
948 1437
949 5275
950 3100
951 1166
952 5404
953 6765
954 6696
955 4581
956 6450
957 5798
958 2132
959 6328
960 3559
961 5928
962 1771
963 2143
964 5497
965 815
966 5462
967 4618
968 1924
969 640
970 3951
971 510
972 4275
973 1176
974 5970
975 1805
976 2305
977 1955
978 311
979 3474
980 4127
981 1002
982 2342
983 6643
984 342
985 4796
986 6212
987 3101
988 5204
989 4165
990 5014
991 4863
992 4797
993 120
994 318
995 4265
996 1154
997 3591
998 4724
999 6458
1000 6570
1001 631
1002 3632
1003 2369
1004 4285
1005 1750
1006 6012
1007 1634
1008 626
1009 4689
1010 2386
1011 1500
1012 3019
1013 3882
1014 6109
1015 1148
1016 2025
1017 653
1018 3505
1019 6789
1020 2103
1021 3800
1022 1867
1023 2756
1024 3425
1025 48
1026 1247
1027 806
1028 1116
1029 6557
1030 6387
1031 3295
1032 836
1033 3674
1034 2885
1035 2670
1036 5004
1037 3051
1038 6111
1039 1744
1040 3475
1041 4507
1042 2389
1043 5215
1044 3716
1045 6664
1046 159
1047 2528
1048 3044
1049 2860
1050 5585
1051 5735
1052 3550
1053 377
1054 208
1055 3428
1056 679
1057 5494
1058 1574
1059 1004
1060 340
1061 2630
1062 62
1063 4355
1064 3866
1065 4618
1066 6134
1067 4973
1068 1409
1069 2565
1070 3741
1071 2047
1072 4752
1073 1441
1074 5629
1075 4375
1076 6544
1077 651
1078 3978
1079 3644
1080 4065
1081 4609
1082 6008
1083 4618
1084 4802
1085 3519
1086 6098
1087 6010
1088 6798
1089 2837
1090 4065
1091 3740
1092 5784
1093 2838
1094 3706
1095 2609
1096 4509
1097 2055
1098 5741
1099 1328
1100 384
1101 3469
1102 5958
1103 483
1104 1921
1105 4322
1106 5020
1107 5015
1108 4680
1109 2482
1110 324
1111 3210
1112 1597
1113 3559
1114 4808
1115 2188
1116 456
1117 5114
1118 3957
1119 937
1120 5671
1121 5910
1122 2570
1123 2022
1124 6141
1125 5845
1126 6302
1127 737
1128 6864
1129 2611
1130 3202
1131 516
1132 302
1133 267
1134 6808
1135 2556
1136 5932
1137 1508
1138 2878
1139 1691
1140 451
1141 6295
1142 4202
1143 5054
1144 2997
1145 4351
1146 4894
1147 3414
1148 2729
1149 6180
1150 2548
1151 980
1152 210
1153 3443
1154 2303
1155 4201
1156 6302
1157 5008
1158 544
1159 6834
1160 1666
1161 751
1162 3003
1163 1295
1164 5656
1165 6552
1166 338
1167 3467
1168 6441
1169 6182
1170 2194
1171 3579
1172 3545
1173 3517
1174 3954
1175 1105
1176 2000
1177 512
1178 5478
1179 4894
1180 5583
1181 1402
1182 4200
1183 5060
1184 2975
1185 1571
1186 5477
1187 2572
1188 2295
1189 2743
1190 6319
1191 4559
1192 6807
1193 4267
1194 4069
1195 6617
1196 5689
1197 3370
1198 1475
1199 6710
1200 2846
1201 6253
1202 5382
1203 5007
1204 693
1205 1008
1206 6192
1207 3954
1208 487
1209 2560
1210 2775
1211 731
1212 5968
1213 4257
1214 3067
1215 5128
1216 771
1217 1533
1218 4344
1219 4253
1220 5226
1221 2481
1222 6056
1223 3697
1224 282
1225 734
1226 3370
1227 3170
1228 5479
1229 4391
1230 2923
1231 4733
1232 4863
1233 2112
1234 2768
1235 5208
1236 1448
1237 1292
1238 3581
1239 3637
1240 813
1241 3048
1242 265
1243 846
1244 1671
1245 2491
1246 892
1247 4979
1248 4097
1249 5186
1250 234
1251 391
1252 4932
1253 2831
1254 6341
1255 4972
1256 4526
1257 5862
1258 1571
1259 2626
1260 759
1261 4480
1262 622
1263 2612
1264 4997
1265 4591
1266 4024
1267 4553
1268 523
1269 3684
1270 2859
1271 5404
1272 2660
1273 4947
1274 317
1275 6867
1276 5931
1277 1143
1278 2626
1279 548
1280 4523
1281 3238
1282 5096
1283 6229
1284 2677
1285 1427
1286 2158
1287 1210
1288 4485
1289 477
1290 1616
1291 4980
1292 6712
1293 596
1294 342
1295 1493
1296 3985
1297 3650
1298 272
1299 2274
1300 2664
1301 3262
1302 3187
1303 1691
1304 1174
1305 3008
1306 5805
1307 3532
1308 2408
1309 3617
1310 1805
1311 2815
1312 1751
1313 3949
1314 6384
1315 2718
1316 4874
1317 3717
1318 3098
1319 154
1320 1250
1321 2560
1322 3031
1323 922
1324 2800
1325 4478
1326 1980
1327 3988
1328 5246
1329 6537
1330 6386
1331 1256
1332 5350
1333 2074
1334 3651
1335 2511
1336 2251
1337 5922
1338 2034
1339 6081
1340 3514
1341 5041
1342 3873
1343 5268
1344 4764
1345 1168
1346 5856
1347 654
1348 4660
1349 806
1350 4172
1351 5135
1352 1088
1353 5283
1354 6770
1355 3919
1356 5298
1357 3745
1358 1565
1359 407
1360 5738
1361 888
1362 5574
1363 2302
1364 6536
1365 3059
1366 2908
1367 1544
1368 1684
1369 2907
1370 838
1371 3374
1372 6094
1373 5980
1374 852
1375 4667
1376 2689
1377 4055
1378 4047
1379 3304
1380 5026
1381 6258
1382 4835
1383 271
1384 3595
1385 6111
1386 4518
1387 1710
1388 2373
1389 465
1390 6830
1391 4698
1392 6248
1393 3061
1394 4192
1395 398
1396 5087
1397 5785
1398 6100
1399 5093
1400 2471
1401 6875
1402 3956
1403 5613
1404 2701
1405 6673
1406 3400
1407 6667
1408 880
1409 3986
1410 5163
1411 3590
1412 472
1413 3493
1414 2085
1415 3800
1416 4303
1417 2875
1418 5562
1419 2673
1420 458
1421 6537
1422 4270
1423 2429
1424 2002
1425 1439
1426 3525
1427 1668
1428 6412
1429 6397
1430 775
1431 771
1432 4852
1433 1042
1434 5590
1435 5236
1436 756
1437 2127
1438 2189
1439 5043
1440 2366
1441 6754
1442 6613
1443 4919
1444 4950
1445 2821
1446 2410
1447 5753
1448 4449
1449 2864
1450 2667
1451 6694
1452 3101
1453 691
1454 2372
1455 6760
1456 6403
1457 5521
1458 6620
1459 2571
1460 6515
1461 4056
1462 2164
1463 3626
1464 6752
1465 917
1466 6109
1467 1226
1468 73
1469 5587
1470 6678
1471 5601
1472 3168
1473 2923
1474 2687
1475 284
1476 419
1477 2566
1478 5112
1479 6526
1480 1506
1481 1153
1482 218
1483 2752
1484 2022
1485 4313
1486 5898
1487 4296
1488 1212
1489 5482
1490 415
1491 6162
1492 5344
1493 4637
1494 3511
1495 4948
1496 660
1497 1296
1498 3457
1499 2792
1500 2246
1501 5287
1502 3707
1503 3220
1504 3530
1505 1649
1506 6621
1507 50
1508 5846
1509 2228
1510 5490
1511 4562
1512 3629
1513 2095
1514 3919
1515 1145
1516 6174
1517 5529
1518 757
1519 6258
1520 3434
1521 136
1522 6695
1523 3765
1524 1002
1525 6548
1526 2211
1527 3973
1528 3823
1529 5230
1530 1213
1531 3851
1532 1498
1533 6780
1534 1642
1535 5919
1536 5026
1537 1174
1538 6437
1539 5270
1540 3573
1541 4058
1542 2918
1543 1806
1544 6012
1545 2761
1546 3363
1547 6400
1548 2826
1549 5857
1550 3561
1551 2452
1552 4820
1553 3267
1554 2040
1555 5644
1556 6676
1557 2364
1558 2951
1559 1923
1560 520
1561 1290
1562 2280
1563 4124
1564 2257
1565 391
1566 5439
1567 2718
1568 4308
1569 2712
1570 3052
1571 3925
1572 1467
1573 2481
1574 3967
1575 6448
1576 4184
1577 6792
1578 5612
1579 2810
1580 4166
1581 5842
1582 1702
1583 4673
1584 6345
1585 3820
1586 4696
1587 4900
1588 4198
1589 6752
1590 4231
1591 5335
1592 4605
1593 4525
1594 2435
1595 5962
1596 4909
1597 6032
1598 6874
1599 3925
1600 3249
1601 5850
1602 3189
1603 2368
1604 6227
1605 3803
1606 1718
1607 1812
1608 3373
1609 3099
1610 6510
1611 1161
1612 5889
1613 2247
1614 146
1615 367
1616 1670
1617 1119
1618 6549
1619 5658
1620 5219
1621 5022
1622 3016
1623 2336
1624 3040
1625 3650
1626 4169
1627 1266
1628 6843
1629 5375
1630 4970
1631 528
1632 6480
1633 935
1634 5610
1635 853
1636 3892
1637 4927
1638 303
1639 1511
1640 3300
1641 3131
1642 5365
1643 6491
1644 5077
1645 673
1646 3179
1647 5332
1648 584
1649 6304
1650 6412
1651 4193
1652 5813
1653 3436
1654 5407
1655 4390
1656 5478
1657 1822
1658 2722
1659 1894
1660 5647
1661 421
1662 2372
1663 1961
1664 715
1665 1041
1666 3429
1667 1946
1668 681
1669 940
1670 5743
1671 5925
1672 3423
1673 1186
1674 2047
1675 6191
1676 363
1677 4927
1678 1410
1679 3564
1680 2645
1681 6480
1682 3536
1683 5508
1684 4981
1685 4273
1686 2459
1687 546
1688 1854
1689 2570
1690 3566
1691 838
1692 789
1693 561
1694 1027
1695 5967
1696 781
1697 1042
1698 768
1699 186
1700 5237
1701 1571
1702 229
1703 1538
1704 929
1705 3580
1706 4318
1707 6790
1708 901
1709 2479
1710 3151
1711 4
1712 2200
1713 3522
1714 2183
1715 1966
1716 6575
1717 6315
1718 3683
1719 3891
1720 3173
1721 5074
1722 6861
1723 6614
1724 4277
1725 6190
1726 6773
1727 6260
1728 2485
1729 2656
1730 247
1731 6388
1732 2349
1733 6618
1734 1429
1735 3138
1736 6582
1737 348
1738 1768
1739 1211
1740 4472
1741 39
1742 2669
1743 2873
1744 639
1745 3872
1746 2261
1747 1440
1748 1102
1749 2529
1750 1582
1751 5082
1752 2233
1753 6437
1754 4682
1755 1877
1756 1861
1757 5074
1758 2342
1759 3905
1760 6720
1761 795
1762 2649
1763 6167
1764 3215
1765 6323
1766 1466
1767 5119
1768 1282
1769 434
1770 3718
1771 6107
1772 5652
1773 3319
1774 2981
1775 6587
1776 3252
1777 591
1778 6186
1779 5711
1780 6284
1781 5785
1782 5569
1783 52
1784 3056
1785 1536
1786 6416
1787 5516
1788 5428
1789 5519
1790 280
1791 234
1792 6760
1793 6199
1794 4057
1795 226
1796 4582
1797 4512
1798 4680
1799 2980
1800 3789
1801 890
1802 3979
1803 2211
1804 6859
1805 2635
1806 3070
1807 2959
1808 3093
1809 672
1810 3891
1811 6857
1812 6070
1813 396
1814 4312
1815 6562
1816 1365
1817 1690
1818 5570
1819 4350
1820 833
1821 5498
1822 2996
1823 3109
1824 4166
1825 76
1826 3735
1827 5926
1828 1738
1829 3477
1830 3636
1831 6854
1832 1486
1833 3944
1834 783
1835 4470
1836 1765
1837 5141
1838 70
1839 4035
1840 5733
1841 5879
1842 647
1843 4462
1844 1560
1845 2947
1846 6735
1847 4651
1848 5690
1849 1733
1850 1292
1851 6431
1852 6169
1853 5142
1854 4364
1855 5494
1856 1251
1857 1568
1858 864
1859 3717
1860 5948
1861 1284
1862 3932
1863 2550
1864 239
1865 3223
1866 6211
1867 170
1868 3831
1869 4230
1870 6360
1871 5252
1872 1897
1873 4639
1874 3456
1875 3200
1876 4407
1877 5668
1878 5860
1879 3084
1880 4845
1881 3262
1882 6685
1883 3242
1884 2756
1885 2766
1886 1888
1887 1216
1888 4682
1889 2029
1890 471
1891 2541
1892 6690
1893 3596
1894 2519
1895 2451
1896 5744
1897 5651
1898 251
1899 3002
1900 5757
1901 2437
1902 1505
1903 1510
1904 6332
1905 1208
1906 6656
1907 355
1908 144
1909 4589
1910 3128
1911 3348
1912 5758
1913 5691
1914 3664
1915 2921
1916 1459
1917 1989
1918 6540
1919 4973
1920 960
1921 4766
1922 5671
1923 340
1924 3650
1925 5778
1926 5704
1927 5609
1928 5285
1929 506
1930 6478
1931 1191
1932 2171
1933 5477
1934 4227
1935 6
1936 4609
1937 4777
1938 3335
1939 4322
1940 5251
1941 3216
1942 1084
1943 6575
1944 3500
1945 3962
1946 2330
1947 4972
1948 4162
1949 2037
1950 5088
1951 977
1952 5418
1953 4393
1954 2114
1955 5703
1956 3114
1957 2069
1958 841
1959 3543
1960 2780
1961 145
1962 5598
1963 5385
1964 619
1965 3969
1966 1333
1967 4726
1968 5887
1969 1707
1970 5281
1971 4353
1972 5402
1973 4859
1974 6610
1975 525
1976 5462
1977 4231
1978 6806
1979 1730
1980 4007
1981 2385
1982 727
1983 4008
1984 3586
1985 3454
1986 6038
1987 4471
1988 3133
1989 4770
1990 4555
1991 4554
1992 4072
1993 6560
1994 2250
1995 5462
1996 6030
1997 723
1998 2759
1999 5951
2000 5545
2001 4487
2002 744
2003 1334
2004 6119
2005 1772
2006 5547
2007 6173
2008 1010
2009 1143
2010 5484
2011 4504
2012 2069
2013 1801
2014 1506
2015 5998
2016 2367
2017 533
2018 1314
2019 329
2020 5505
2021 1810
2022 6131
2023 5257
2024 555
2025 6581
2026 2321
2027 1793
2028 3423
2029 410
2030 383
2031 2891
2032 6858
2033 6534
2034 5180
2035 5792
2036 6278
2037 4683
2038 2807
2039 4978
2040 6350
2041 6828
2042 2347
2043 636
2044 417
2045 611
2046 5879
2047 3078
2048 183
2049 5236
2050 6178
2051 6621
2052 934
2053 1168
2054 733
2055 1901
2056 2742
2057 6296
2058 715
2059 1723
2060 203
2061 5637
2062 1151
2063 4626
2064 3657
2065 2925
2066 1637
2067 4092
2068 515
2069 3723
2070 1854
2071 4083
2072 6186
2073 2056
2074 6053
2075 1575
2076 2944
2077 240
2078 4451
2079 4678
2080 6683
2081 797
2082 5381
2083 10
2084 2096
2085 5283
2086 3838
2087 4272
2088 1070
2089 4120
2090 6582
2091 1914
2092 976
2093 1908
2094 111
2095 1220
2096 1352
2097 5093
2098 5708
2099 4995
2100 1078
2101 2154
2102 3295
2103 3182
2104 3632
2105 2396
2106 1949
2107 144
2108 2321
2109 2195
2110 4921
2111 6493
2112 2266
2113 3557
2114 4538
2115 3597
2116 6090
2117 4727
2118 6070
2119 6491
2120 4776
2121 4440
2122 5043
2123 445
2124 5153
2125 2251
2126 1363
2127 4433
2128 4453
2129 577
2130 5146
2131 498
2132 37
2133 4900
2134 573
2135 3045
2136 4631
2137 1682
2138 95
2139 3299
2140 1880
2141 665
2142 46
2143 363
2144 6483
2145 4176
2146 636
2147 4979
2148 880
2149 1886
2150 5026
2151 1847
2152 1829
2153 399
2154 4768
2155 1948
2156 3801
2157 1921
2158 5759
2159 4730
2160 2177
2161 6025
2162 6837
2163 4320
2164 5200
2165 1181
2166 4951
2167 824
2168 5523
2169 6735
2170 5274
2171 4871
2172 4738
2173 5491
2174 1944
2175 2535
2176 2283
2177 4788
2178 2204
2179 948
2180 4992
2181 4282
2182 4947
2183 6702
2184 2335
2185 5513
2186 5048
2187 2158
2188 6239
2189 949
2190 5036
2191 2876
2192 3397
2193 4856
2194 2546
2195 3736
2196 1521
2197 1637
2198 2428
2199 995
2200 1300
2201 5495
2202 6727
2203 6478
2204 4842
2205 2286
2206 2147
2207 3273
2208 4836
2209 4004
2210 4539
2211 5864
2212 4266
2213 5463
2214 3647
2215 2348
2216 1075
2217 2499
2218 5062
2219 1783
2220 4692
2221 4371
2222 6879
2223 3498
2224 3756
2225 5244
2226 4145
2227 4693
2228 4178
2229 3558
2230 1415
2231 790
2232 4265
2233 6496
2234 5829
2235 100
2236 3198
2237 2945
2238 6472
2239 6686
2240 3747
2241 3573
2242 3896
2243 379
2244 90
2245 3650
2246 2402
2247 651
2248 5277
2249 3884
2250 32
2251 5953
2252 1061
2253 594
2254 6059
2255 419
2256 5404
2257 4156
2258 366
2259 5473
2260 956
2261 2694
2262 2039
2263 6002
2264 323
2265 3417
2266 5048
2267 4191
2268 944
2269 1102
2270 1433
2271 823
2272 1073
2273 3305
2274 5728
2275 3651
2276 163
2277 4190
2278 2291
2279 2044
2280 6265
2281 6689
2282 6525
2283 4447
2284 2011
2285 885
2286 888
2287 974
2288 4638
2289 196
2290 1555
2291 4338
2292 5702
2293 2297
2294 4529
2295 1909
2296 3293
2297 5091
2298 1171
2299 4440
2300 1155
2301 1511
2302 4853
2303 2013
2304 516
2305 2515
2306 2557
2307 3263
2308 6846
2309 5523
2310 3687
2311 3018
2312 198
2313 365
2314 1416
2315 6261
2316 3330
2317 2695
2318 5333
2319 5373
2320 88
2321 4884
2322 1227
2323 472
2324 2072
2325 5409
2326 4846
2327 385
2328 1680
2329 6244
2330 879
2331 5238
2332 2016
2333 3990
2334 3521
2335 4676
2336 2154
2337 3891
2338 2819
2339 5522
2340 4756
2341 4035
2342 6344
2343 5590
2344 4930
2345 2700
2346 3547
2347 6527
2348 3984
2349 1256
2350 5015
2351 5047
2352 6182
2353 4548
2354 4989
2355 5292
2356 4636
2357 842
2358 4676
2359 2016
2360 4974
2361 3869
2362 5021
2363 1828
2364 6151
2365 4963
2366 1152
2367 4425
2368 2581
2369 753
2370 6242
2371 1927
2372 6456
2373 2982
2374 284
2375 2937
2376 2593
2377 4478
2378 3572
2379 3092
2380 6327
2381 3038
2382 2964
2383 5194
2384 3101
2385 4253
2386 4665
2387 3595
2388 701
2389 4283
2390 1140
2391 1750
2392 5225
2393 6001
2394 4854
2395 2934
2396 3547
2397 6100
2398 5611
2399 6598
2400 6178
2401 5398
2402 2440
2403 6356
2404 3693
2405 5031
2406 331
2407 4842
2408 4141
2409 6834
2410 4601
2411 426
2412 4375
2413 6460
2414 5470
2415 6568
2416 4946
2417 5602
2418 4707
2419 3845
2420 5292
2421 334
2422 4544
2423 279
2424 6237
2425 2009
2426 3364
2427 5131
2428 4872
2429 3941
2430 2572
2431 3439
2432 5491
2433 4522
2434 731
2435 3914
2436 2369
2437 429
2438 1346
2439 810
2440 188
2441 2661
2442 5314
2443 3785
2444 2669
2445 2310
2446 6243
2447 2966
2448 6518
2449 6598
2450 257
2451 5271
2452 4888
2453 5249
2454 1529
2455 4061
2456 734
2457 4903
2458 3698
2459 4307
2460 6189
2461 6563
2462 4920
2463 6327
2464 934
2465 33
2466 5101
2467 594
2468 5926
2469 2927
2470 3382
2471 5826
2472 4880
2473 2249
2474 443
2475 5379
2476 1170
2477 6100
2478 2232
2479 5482
2480 2138
2481 3168
2482 1174
2483 2601
2484 2936
2485 6055
2486 5571
2487 2603
2488 683
2489 2055
2490 2514
2491 4715
2492 2566
2493 1441
2494 4857
2495 3914
2496 1533
2497 5370
2498 2695
2499 5593
2500 4868
2501 961
2502 3470
2503 6598
2504 174
2505 3779
2506 1240
2507 1728
2508 6397
2509 5920
2510 4221
2511 3513
2512 3678
2513 6764
2514 3056
2515 5652
2516 6242
2517 1304
2518 1213
2519 2901
2520 3020
2521 3543
2522 1202
2523 6461
2524 239
2525 6666
2526 5649
2527 4640
2528 265
2529 6433
2530 5747
2531 6749
2532 6341
2533 2391
2534 4602
2535 2682
2536 6807
2537 4556
2538 5034
2539 3653
2540 3063
2541 7
2542 4317
2543 6356
2544 2234
2545 3437
2546 1298
2547 2926
2548 5248
2549 2759
2550 6154
2551 833
2552 3560
2553 429
2554 3704
2555 2329
2556 3823
2557 6600
2558 4975
2559 534
2560 2772
2561 3248
2562 3429
2563 352
2564 12
2565 6856
2566 4229
2567 2051
2568 4602
2569 2640
2570 2567
2571 5111
2572 1674
2573 4256
2574 5728
2575 4175
2576 6770
2577 1973
2578 2112
2579 6232
2580 3224
2581 4573
2582 5772
2583 6870
2584 4384
2585 1756
2586 4703
2587 6695
2588 5876
2589 3546
2590 3485
2591 2785
2592 55
2593 4799
2594 6408
2595 5436
2596 6546
2597 885
2598 2935
2599 520
2600 1808
2601 5245
2602 2021
2603 6270
2604 1022
2605 2850
2606 2323
2607 4902
2608 5941
2609 1965
2610 6291
2611 6214
2612 154
2613 5454
2614 6691
2615 2196
2616 723
2617 6424
2618 2705
2619 433
2620 5221
2621 4994
2622 4443
2623 6108
2624 1001
2625 4976
2626 4273
2627 140
2628 5056
2629 4973
2630 2253
2631 1455
2632 2060
2633 5446
2634 5540
2635 860
2636 240
2637 1194
2638 4119
2639 6702
2640 1628
2641 233
2642 186
2643 6675
2644 3919
2645 3969
2646 4868
2647 3168
2648 4163
2649 3935
2650 1294
2651 6582
2652 1288
2653 1498
2654 3575
2655 5665
2656 2059
2657 3044
2658 4655
2659 2992
2660 1112
2661 5192
2662 3910
2663 5149
2664 1882
2665 818
2666 6503
2667 1757
2668 210
2669 3785
2670 5222
2671 6160
2672 300
2673 6143
2674 3210
2675 4776
2676 5504
2677 4485
2678 5191
2679 5463
2680 2398
2681 4099
2682 4392
2683 134
2684 4036
2685 1311
2686 387
2687 1481
2688 2176
2689 5208
2690 5710
2691 3773
2692 1481
2693 3732
2694 1317
2695 5165
2696 698
2697 1424
2698 2353
2699 3934
2700 576
2701 5833
2702 2225
2703 5575
2704 3956
2705 1390
2706 5519
2707 4132
2708 106
2709 6649
2710 1430
2711 1849
2712 5523
2713 5821
2714 3470
2715 2001
2716 4803
2717 6874
2718 4193
2719 1587
2720 1700
2721 5985
2722 4222
2723 649
2724 6447
2725 1131
2726 5909
2727 3484
2728 5104
2729 2318
2730 1189
2731 2258
2732 1138
2733 2521
2734 1505
2735 3873
2736 5714
2737 1656
2738 4899
2739 2532
2740 5237
2741 3352
2742 3631
2743 1552
2744 611
2745 3507
2746 4940
2747 5001
2748 1983
2749 1647
2750 263
2751 2672
2752 4781
2753 2731
2754 244
2755 214
2756 3091
2757 5732
2758 3905
2759 3052
2760 2803
2761 6340
2762 5991
2763 5703
2764 5962
2765 6525
2766 3397
2767 4332
2768 5688
2769 3176
2770 1909
2771 6587
2772 5347
2773 4783
2774 6700
2775 6488
2776 68
2777 3352
2778 515
2779 3052
2780 6816
2781 4299
2782 2335
2783 3219
2784 3067
2785 45
2786 805
2787 5181
2788 1516
2789 1852
2790 4849
2791 1329
2792 3983
2793 5456
2794 5099
2795 4041
2796 6381
2797 3289
2798 729
2799 3486
2800 6484
2801 4858
2802 2189
2803 6416
2804 4631
2805 5169
2806 2177
2807 5916
2808 3099
2809 2741
2810 274
2811 1220
2812 3002
2813 1821
2814 6291
2815 328
2816 2192
2817 4777
2818 3638
2819 1666
2820 3567
2821 6779
2822 4000
2823 4483
2824 5556
2825 379
2826 2582
2827 6179
2828 4909
2829 2736
2830 4107
2831 400
2832 2550
2833 184
2834 6599
2835 5183
2836 5176
2837 5990
2838 2243
2839 4069
2840 1144
2841 6568
2842 3062
2843 6580
2844 3662
2845 5264
2846 1923
2847 4659
2848 4657
2849 5059
2850 5306
2851 4557
2852 6428
2853 3887
2854 1439
2855 3873
2856 4930
2857 1157
2858 4652
2859 198
2860 4966
2861 7
2862 308
2863 2999
2864 5022
2865 687
2866 3343
2867 2767
2868 1919
2869 4380
2870 6371
2871 65
2872 6815
2873 2740
2874 6635
2875 2593
2876 3418
2877 3185
2878 4126
2879 1569
2880 2066
2881 823
2882 5534
2883 5371
2884 4457
2885 5513
2886 254
2887 4589
2888 5269
2889 5775
2890 4463
2891 939
2892 4141
2893 1691
2894 1321
2895 1233
2896 2525
2897 3153
2898 6537
2899 2069
2900 4852
2901 3987
2902 5828
2903 853
2904 5101
2905 3763
2906 3620
2907 4714
2908 5040
2909 3545
2910 774
2911 4222
2912 3245
2913 1606
2914 775
2915 1754
2916 3408
2917 5358
2918 5206
2919 4262
2920 5345
2921 2441
2922 5758
2923 4850
2924 2795
2925 396
2926 4781
2927 6866
2928 5638
2929 2620
2930 6163
2931 6505
2932 1947
2933 2368
2934 4204
2935 4000
2936 737
2937 1262
2938 6378
2939 807
2940 5078
2941 5629
2942 4442
2943 2771
2944 6848
2945 1513
2946 2227
2947 6708
2948 6157
2949 161
2950 2846
2951 2728
2952 2582
2953 2301
2954 1666
2955 5812
2956 714
2957 1767
2958 962
2959 898
2960 3979
2961 5551
2962 1485
2963 1151
2964 6670
2965 4990
2966 2841
2967 4266
2968 5401
2969 838
2970 5213
2971 3349
2972 3992
2973 6078
2974 2818
2975 2817
2976 1887
2977 1336
2978 4986
2979 5236
2980 5643
2981 859
2982 6547
2983 1902
2984 363
2985 4869
2986 4313
2987 952
2988 6121
2989 6767
2990 4245
2991 6767
2992 5898
2993 4100
2994 671
2995 1223
2996 4355
2997 5300
2998 2260
2999 5345
3000 2864
3001 3156
3002 4793
3003 1076
3004 4408
3005 2475
3006 3627
3007 376
3008 1019
3009 6608
3010 4743
3011 4280
3012 3459
3013 62
3014 3180
3015 3401
3016 4670
3017 5253
3018 6065
3019 6354
3020 1154
3021 5566
3022 1225
3023 642
3024 2262
3025 3083
3026 5784
3027 2024
3028 922
3029 6441
3030 5874
3031 2966
3032 1130
3033 4103
3034 1941
3035 633
3036 539
3037 3958
3038 605
3039 5791
3040 458
3041 1422
3042 138
3043 6346
3044 5647
3045 6007
3046 3829
3047 1111
3048 383
3049 2516
3050 5043
3051 2841
3052 5548
3053 1103
3054 1637
3055 4719
3056 6871
3057 75
3058 605
3059 1796
3060 3482
3061 4523
3062 807
3063 2191
3064 4780
3065 3198
3066 6725
3067 4487
3068 4983
3069 5447
3070 1392
3071 2845
3072 1638
3073 2682
3074 1662
3075 1576
3076 2795
3077 1534
3078 5193
3079 2225
3080 6249
3081 2484
3082 935
3083 6880
3084 4530
3085 4689
3086 1658
3087 43
3088 2534
3089 1457
3090 1703
3091 3431
3092 817
3093 227
3094 3400
3095 2504
3096 6840
3097 6471
3098 5313
3099 920
3100 6833
3101 6156
3102 5421
3103 194
3104 905
3105 5107
3106 5566
3107 158
3108 1490
3109 4848
3110 1070
3111 883
3112 6632
3113 6743
3114 2127
3115 4663
3116 2761
3117 2182
3118 388
3119 3776
3120 3696
3121 894
3122 507
3123 2137
3124 1132
3125 4759
3126 5768
3127 4473
3128 4642
3129 2179
3130 2493
3131 5372
3132 6205
3133 582
3134 6736
3135 3179
3136 4362
3137 5562
3138 1601
3139 3540
3140 4622
3141 1754
3142 466
3143 1466
3144 1906
3145 1404
3146 6025
3147 1482
3148 2133
3149 2155
3150 6774
3151 1023
3152 6582
3153 5701
3154 2660
3155 5527
3156 1428
3157 157
3158 3984
3159 955
3160 2311
3161 4523
3162 5498
3163 882
3164 4201
3165 5029
3166 1684
3167 5562
3168 5583
3169 5013
3170 2707
3171 6776
3172 3854
3173 1328
3174 462
3175 475
3176 5129
3177 6164
3178 5233
3179 912
3180 3231
3181 4097
3182 3126
3183 301
3184 650
3185 1903
3186 3898
3187 6019
3188 3553
3189 5046
3190 177
3191 2624
3192 4878
3193 1361
3194 1708
3195 3289
3196 2609
3197 1283
3198 2890
3199 891
3200 3008
3201 6731
3202 5997
3203 3199
3204 3340
3205 3324
3206 3702
3207 4398
3208 4325
3209 4053
3210 945
3211 6621
3212 5663
3213 6195
3214 686
3215 2154
3216 5981
3217 5178
3218 1802
3219 6861
3220 345
3221 6527
3222 457
3223 526
3224 3551
3225 1640
3226 607
3227 1478
3228 5656
3229 1989
3230 807
3231 3488
3232 135
3233 4615
3234 6699
3235 5783
3236 2033
3237 6049
3238 1581
3239 234
3240 1608
3241 1483
3242 760
3243 1485
3244 192
3245 4811
3246 1998
3247 400
3248 2763
3249 4672
3250 4194
3251 2021
3252 3415
3253 560
3254 2015
3255 2290
3256 6107
3257 1464
3258 1627
3259 1477
3260 933
3261 5253
3262 1603
3263 1416
3264 3888
3265 5106
3266 1309
3267 2421
3268 4538
3269 1596
3270 4146
3271 2818
3272 5725
3273 3340
3274 6715
3275 3614
3276 6398
3277 3556
3278 5159
3279 540
3280 493
3281 1936
3282 2220
3283 1555
3284 3578
3285 1633
3286 1028
3287 3457
3288 54
3289 115
3290 5570
3291 3967
3292 2328
3293 394
3294 4627
3295 6315
3296 3574
3297 2721
3298 24
3299 6200
3300 834
3301 4137
3302 1726
3303 5166
3304 4228
3305 5603
3306 671
3307 2657
3308 4246
3309 2404
3310 362
3311 3661
3312 4432
3313 1901
3314 6198
3315 3939
3316 2158
3317 6340
3318 3415
3319 24
3320 4669
3321 1829
3322 6118
3323 1020
3324 6765
3325 1294
3326 5340
3327 5848
3328 622
3329 3946
3330 2238
3331 4709
3332 5918
3333 123
3334 4464
3335 3684
3336 1022
3337 2089
3338 2661
3339 5783
3340 2915
3341 2786
3342 1668
3343 6673
3344 3695
3345 596
3346 1438
3347 4188
3348 715
3349 4878
3350 1774
3351 2468
3352 1351
3353 2376
3354 1636
3355 675
3356 1675
3357 167
3358 2917
3359 5659
3360 749
3361 4808
3362 855
3363 793
3364 6086
3365 3091
3366 2887
3367 2772
3368 2675
3369 6704
3370 1343
3371 3752
3372 1522
3373 5236
3374 2340
3375 3795
3376 1263
3377 584
3378 5619
3379 1218
3380 823
3381 2542
3382 5058
3383 5814
3384 6569
3385 2912
3386 3034
3387 1177
3388 5621
3389 4680
3390 6203
3391 6412
3392 649
3393 3356
3394 5354
3395 1177
3396 671
3397 3898
3398 3669
3399 6641
3400 2515
3401 5239
3402 4927
3403 3757
3404 5433
3405 4820
3406 337
3407 6677
3408 3827
3409 3465
3410 4695
3411 157
3412 3315
3413 2348
3414 1589
3415 4673
3416 4192
3417 6363
3418 4484
3419 3366
3420 2176
3421 2248
3422 6415
3423 3381
3424 1787
3425 4471
3426 5733
3427 1594
3428 1086
3429 5634
3430 4416
3431 5209
3432 4235
3433 5911
3434 4364
3435 697
3436 5451
3437 1209
3438 5671
3439 4053
3440 5772
3441 1390
3442 5687
3443 3446
3444 2748
3445 5145
3446 4042
3447 3772
3448 790
3449 3245
3450 6571
3451 267
3452 3028
3453 3540
3454 2821
3455 4241
3456 2835
3457 711
3458 2404
3459 2851
3460 341
3461 4863
3462 4440
3463 5969
3464 735
3465 1484
3466 675
3467 6052
3468 2069
3469 491
3470 5172
3471 2171
3472 263
3473 5319
3474 3253
3475 6062
3476 5247
3477 1430
3478 2769
3479 1476
3480 1054
3481 1665
3482 1688
3483 6851
3484 3783
3485 4705
3486 1574
3487 3542
3488 2521
3489 1507
3490 4413
3491 3015
3492 2133
3493 6260
3494 6268
3495 5227
3496 2268
3497 6020
3498 382
3499 4527
3500 2189
3501 1553
3502 6138
3503 5953
3504 1777
3505 2321
3506 4263
3507 3549
3508 2335
3509 2914
3510 1431
3511 318
3512 5764
3513 2128
3514 1057
3515 3263
3516 5339
3517 3561
3518 6480
3519 2414
3520 5024
3521 5459
3522 6523
3523 3082
3524 3413
3525 159
3526 4741
3527 1887
3528 5266
3529 1756
3530 531
3531 4319
3532 421
3533 5657
3534 5053
3535 6662
3536 4827
3537 1678
3538 1926
3539 864
3540 5993
3541 2259
3542 4862
3543 2744
3544 3648
3545 5557
3546 6170
3547 1476
3548 493
3549 406
3550 1910
3551 612
3552 5969
3553 5384
3554 377
3555 5806
3556 1002
3557 253
3558 5528
3559 4838
3560 11
3561 827
3562 5280
3563 2663
3564 6553
3565 4655
3566 2007
3567 5674
3568 4656
3569 594
3570 2078
3571 3862
3572 5165
3573 2913
3574 1674
3575 6128
3576 2122
3577 4511
3578 6190
3579 6044
3580 709
3581 3118
3582 5305
3583 684
3584 5687
3585 3599
3586 2440
3587 3017
3588 2094
3589 3083
3590 5509
3591 5492
3592 3899
3593 6080
3594 4831
3595 2285
3596 2939
3597 5854
3598 6072
3599 1629
3600 4172
3601 2522
3602 4474
3603 4787
3604 2073
3605 6842
3606 3528
3607 6865
3608 5636
3609 5758
3610 5659
3611 3492
3612 3937
3613 5597
3614 3251
3615 4738
3616 5817
3617 5899
3618 6366
3619 5873
3620 3501
3621 1638
3622 5682
3623 5499
3624 6848
3625 6480
3626 6404
3627 5951
3628 1464
3629 6762
3630 644
3631 6741
3632 5433
3633 2891
3634 4902
3635 753
3636 5683
3637 438
3638 4869
3639 1970
3640 6119
3641 1140
3642 4628
3643 4251
3644 1519
3645 4497
3646 5368
3647 2759
3648 2966
3649 3094
3650 4098
3651 827
3652 3543
3653 704
3654 3964
3655 6103
3656 248
3657 600
3658 3352
3659 6582
3660 2410
3661 2414
3662 3342
3663 6879
3664 6435
3665 4604
3666 339
3667 6752
3668 1917
3669 2944
3670 6130
3671 2463
3672 791
3673 47
3674 1789
3675 6558
3676 2792
3677 6581
3678 1554
3679 875
3680 2714
3681 4605
3682 1283
3683 2729
3684 1245
3685 6016
3686 4960
3687 4060
3688 5755
3689 3458
3690 1179
3691 639
3692 2888
3693 5779
3694 1859
3695 4109
3696 2813
3697 4113
3698 6454
3699 5060
3700 6653
3701 258
3702 2325
3703 1141
3704 1446
3705 5270
3706 1828
3707 6846
3708 2731
3709 6733
3710 4217
3711 5287
3712 5102
3713 1163
3714 2929
3715 1484
3716 2843
3717 6746
3718 4394
3719 4728
3720 4008
3721 2390
3722 2456
3723 3862
3724 6818
3725 519
3726 172
3727 6568
3728 6248
3729 3769
3730 2578
3731 654
3732 3690
3733 737
3734 4825
3735 3263
3736 946
3737 3902
3738 2679
3739 1142
3740 4909
3741 1045
3742 1853
3743 6227
3744 5596
3745 1960
3746 5881
3747 1213
3748 638
3749 4244
3750 4897
3751 1803
3752 359
3753 1432
3754 5079
3755 2278
3756 1097
3757 511
3758 808
3759 5759
3760 3019
3761 711
3762 1238
3763 2314
3764 470
3765 3467
3766 120
3767 2415
3768 4991
3769 5084
3770 3907
3771 4652
3772 881
3773 6069
3774 1350
3775 4954
3776 1118
3777 3641
3778 6180
3779 4193
3780 3351
3781 6476
3782 582
3783 4225
3784 1742
3785 2258
3786 1475
3787 129
3788 3692
3789 456
3790 1860
3791 6828
3792 3923
3793 6386
3794 6553
3795 3255
3796 226
3797 6369
3798 5885
3799 4063
3800 6610
3801 6351
3802 5121
3803 1654
3804 3615
3805 1100
3806 5816
3807 2592
3808 5398
3809 3247
3810 2963
3811 625
3812 4153
3813 2135
3814 297
3815 4464
3816 6380
3817 2854
3818 1880
3819 6546
3820 6787
3821 1419
3822 5295
3823 4791
3824 3718
3825 5973
3826 2172
3827 1674
3828 1077
3829 679
3830 5264
3831 6256
3832 5438
3833 1339
3834 1698
3835 3525
3836 1141
3837 4343
3838 2182
3839 4078
3840 3796
3841 5397
3842 4676
3843 4817
3844 5333
3845 991
3846 580
3847 784
3848 3110
3849 2107
3850 4075
3851 2017
3852 3785
3853 6305
3854 4424
3855 1463
3856 3826
3857 3824
3858 6841
3859 3843
3860 3022
3861 2438
3862 1770
3863 4579
3864 5727
3865 5366
3866 2825
3867 4913
3868 6663
3869 4048
3870 3843
3871 3325
3872 243
3873 6698
3874 6321
3875 6362
3876 3078
3877 5940
3878 1720
3879 567
3880 350
3881 1440
3882 5213
3883 915
3884 623
3885 4609
3886 327
3887 1675
3888 1258
3889 4283
3890 1970
3891 4337
3892 1024
3893 6410
3894 195
3895 1910
3896 6847
3897 4215
3898 2945
3899 3194
3900 5874
3901 2375
3902 5829
3903 3880
3904 2839
3905 1871
3906 1738
3907 3473
3908 2837
3909 6873
3910 2759
3911 4419
3912 5991
3913 1566
3914 2215
3915 4361
3916 6267
3917 2972
3918 4863
3919 48
3920 4538
3921 168
3922 5736
3923 2691
3924 435
3925 4448
3926 2738
3927 2943
3928 3176
3929 753
3930 351
3931 6568
3932 290
3933 2094
3934 6458
3935 3038
3936 854
3937 1969
3938 6064
3939 1677
3940 4318
3941 5999
3942 5410
3943 2719
3944 4972
3945 1890
3946 881
3947 5008
3948 290
3949 1623
3950 5132
3951 3184
3952 4912
3953 206
3954 5350
3955 6796
3956 1475
3957 6660
3958 1912
3959 2554
3960 181
3961 1964
3962 309
3963 56
3964 5862
3965 1065
3966 3951
3967 2732
3968 1618
3969 475
3970 3170
3971 105
3972 792
3973 3837
3974 5451
3975 621
3976 6039
3977 1868
3978 1227
3979 5603
3980 6798
3981 400
3982 3508
3983 142
3984 303
3985 1818
3986 4176
3987 3591
3988 1989
3989 4939
3990 40
3991 183
3992 2037
3993 862
3994 3018
3995 6192
3996 4467
3997 3900
3998 6570
3999 4403
4000 2124
4001 5097
4002 3272
4003 4551
4004 236
4005 4191
4006 1204
4007 2326
4008 4210
4009 5510
4010 1962
4011 3743
4012 775
4013 4627
4014 4328
4015 3175
4016 5378
4017 5129
4018 730
4019 1176
4020 6666
4021 1257
4022 5581
4023 1481
4024 366
4025 4258
4026 1384
4027 4810
4028 6209
4029 64
4030 6652
4031 5272
4032 3207
4033 2411
4034 5226
4035 3162
4036 1623
4037 3814
4038 5218
4039 1662
4040 5668
4041 4604
4042 361
4043 4546
4044 1723
4045 5717
4046 4355
4047 911
4048 846
4049 3796
4050 4501
4051 1522
4052 3325
4053 3315
4054 4180
4055 1505
4056 3341
4057 3902
4058 1919
4059 3787
4060 2833
4061 6116
4062 4350
4063 1548
4064 3733
4065 6209
4066 4308
4067 4004
4068 5272
4069 4758
4070 2218
4071 3422
4072 279
4073 2158
4074 4881
4075 4186
4076 4652
4077 2550
4078 4167
4079 2833
4080 4992
4081 3075
4082 6148
4083 1904
4084 930
4085 5641
4086 6397
4087 4848
4088 3887
4089 2357
4090 4461
4091 6848
4092 6680
4093 4133
4094 21
4095 4734
4096 2953
4097 3188
4098 5293
4099 46
4100 2168
4101 217
4102 6210
4103 1616
4104 1112
4105 6545
4106 6472
4107 5764
4108 962
4109 4863
4110 6228
4111 3031
4112 1520
4113 5135
4114 1718
4115 5127
4116 203
4117 2891
4118 606
4119 1065
4120 4749
4121 3880
4122 6649
4123 3146
4124 510
4125 723
4126 3673
4127 4259
4128 4996
4129 3551
4130 1120
4131 6158
4132 6511
4133 4472
4134 3594
4135 5896
4136 5160
4137 1633
4138 4767
4139 807
4140 3634
4141 5119
4142 5316
4143 2055
4144 4967
4145 1439
4146 3189
4147 5230
4148 701
4149 361
4150 1631
4151 1832
4152 6434
4153 2128
4154 516
4155 3587
4156 2936
4157 2466
4158 2037
4159 5447
4160 1209
4161 6689
4162 5290
4163 4592
4164 4503
4165 551
4166 4846
4167 4504
4168 304
4169 3953
4170 3849
4171 2132
4172 3306
4173 1883
4174 2045
4175 458
4176 704
4177 382
4178 6225
4179 1550
4180 1905
4181 4955
4182 3506
4183 57
4184 4813
4185 1230
4186 180
4187 4075
4188 6549
4189 1693
4190 1006
4191 1262
4192 2542
4193 4996
4194 3409
4195 4167
4196 1948
4197 875
4198 1364
4199 3119
4200 4301
4201 4196
4202 3208
4203 3728
4204 2949
4205 4967
4206 129
4207 3812
4208 4657
4209 561
4210 6425
4211 1044
4212 1254
4213 220
4214 1713
4215 5316
4216 2961
4217 1549
4218 6396
4219 4874
4220 4539
4221 5799
4222 5797
4223 5412
4224 4738
4225 2709
4226 5465
4227 81
4228 2781
4229 1224
4230 600
4231 5217
4232 370
4233 2055
4234 2649
4235 5001
4236 1022
4237 2168
4238 3942
4239 5499
4240 6519
4241 4150
4242 5524
4243 3552
4244 3898
4245 4465
4246 3545
4247 6539
4248 4727
4249 6591
4250 1716
4251 6407
4252 4188
4253 3072
4254 3364
4255 6322
4256 3411
4257 2028
4258 3396
4259 5671
4260 2401
4261 88
4262 3711
4263 2884
4264 5859
4265 6489
4266 4569
4267 2625
4268 3057
4269 139
4270 5640
4271 5016
4272 277
4273 5514
4274 1662
4275 1746
4276 1632
4277 6171
4278 6284
4279 556
4280 3901
4281 4950
4282 855
4283 890
4284 1002
4285 408
4286 3917
4287 3100
4288 6765
4289 2248
4290 4491
4291 1574
4292 3709
4293 2971
4294 3890
4295 154
4296 1296
4297 331
4298 3756
4299 4066
4300 1995
4301 1985
4302 2484
4303 3619
4304 1911
4305 6106
4306 5664
4307 64
4308 1338
4309 4129
4310 2604
4311 4903
4312 1720
4313 3544
4314 514
4315 4228
4316 6093
4317 2979
4318 5982
4319 3947
4320 614
4321 6496
4322 1046
4323 562
4324 1209
4325 1365
4326 693
4327 6568
4328 838
4329 5936
4330 5352
4331 1692
4332 4100
4333 2438
4334 2652
4335 179
4336 2370
4337 4347
4338 5898
4339 3930
4340 5481
4341 875
4342 5980
4343 53
4344 5772
4345 3705
4346 4946
4347 6734
4348 3427
4349 6069
4350 3825
4351 4826
4352 2866
4353 6393
4354 5237
4355 2834
4356 5102
4357 980
4358 5131
4359 6017
4360 852
4361 1694
4362 2823
4363 3545
4364 2273
4365 1337
4366 1217
4367 3309
4368 5917
4369 4048
4370 6791
4371 490
4372 1510
4373 1039
4374 3364
4375 4416
4376 6002
4377 4680
4378 3589
4379 6645
4380 6392
4381 1683
4382 4484
4383 5983
4384 2057
4385 1746
4386 5252
4387 3748
4388 2469
4389 6863
4390 6810
4391 3033
4392 1335
4393 1993
4394 1139
4395 3389
4396 212
4397 372
4398 124
4399 4667
4400 30
4401 2431
4402 6723
4403 2433
4404 3172
4405 4030
4406 3105
4407 1627
4408 4443
4409 6605
4410 5151
4411 3686
4412 2483
4413 6069
4414 2413
4415 3553
4416 3051
4417 4029
4418 3954
4419 4252
4420 6560
4421 1072
4422 3899
4423 2744
4424 5667
4425 4246
4426 4641
4427 5624
4428 1589
4429 4540
4430 3995
4431 6689
4432 5833
4433 4756
4434 6178
4435 3491
4436 3233
4437 5184
4438 2867
4439 4783
4440 6709
4441 5953
4442 4856
4443 6313
4444 6331
4445 18
4446 1103
4447 1871
4448 1345
4449 6865
4450 1015
4451 5756
4452 3321
4453 1139
4454 5040
4455 4225
4456 4567
4457 4554
4458 4740
4459 2148
4460 4828
4461 3802
4462 6613
4463 6124
4464 2993
4465 1871
4466 3716
4467 351
4468 4954
4469 2381
4470 4635
4471 1290
4472 4682
4473 6493
4474 2256
4475 1161
4476 1653
4477 4643
4478 6355
4479 4392
4480 2473
4481 3390
4482 4535
4483 2069
4484 2513
4485 4650
4486 3976
4487 5785
4488 2150
4489 413
4490 2669
4491 5736
4492 3821
4493 5080
4494 4796
4495 3017
4496 6265
4497 1533
4498 4186
4499 1297
4500 5673
4501 4130
4502 5818
4503 3340
4504 3599
4505 6459
4506 2270
4507 2932
4508 5592
4509 5224
4510 4943
4511 4503
4512 6166
4513 6774
4514 4950
4515 5080
4516 2319
4517 949
4518 6627
4519 3880
4520 1938
4521 3908
4522 5409
4523 491
4524 1482
4525 5114
4526 1562
4527 5485
4528 3680
4529 542
4530 4860
4531 6570
4532 4362
4533 4547
4534 3062
4535 870
4536 4768
4537 273
4538 3573
4539 1680
4540 3753
4541 6825
4542 6148
4543 39
4544 4452
4545 2484
4546 3758
4547 4081
4548 2150
4549 2631
4550 4226
4551 6116
4552 615
4553 1099
4554 2713
4555 2352
4556 3058
4557 4277
4558 1772
4559 385
4560 5690
4561 9
4562 3312
4563 5586
4564 4668
4565 2741
4566 3806
4567 6429
4568 5614
4569 4178
4570 4488
4571 5070
4572 711
4573 5777
4574 1366
4575 3562
4576 2775
4577 3343
4578 5113
4579 1701
4580 3941
4581 2371
4582 6553
4583 1866
4584 2016
4585 3165
4586 5075
4587 3897
4588 3416
4589 81
4590 353
4591 1156
4592 659
4593 4011
4594 3064
4595 2605
4596 1695
4597 2947
4598 2274
4599 5794
4600 5609
4601 4004
4602 4433
4603 4956
4604 3598
4605 3482
4606 2027
4607 665
4608 4436
4609 4844
4610 1229
4611 592
4612 1631
4613 1604
4614 992
4615 5541
4616 1851
4617 4062
4618 4418
4619 4077
4620 6260
4621 782
4622 5500
4623 3432
4624 2194
4625 5184
4626 1178
4627 2066
4628 4616
4629 3486
4630 3248
4631 6196
4632 713
4633 5437
4634 6065
4635 5766
4636 338
4637 6260
4638 5258
4639 6788
4640 341
4641 5923
4642 2041
4643 4799
4644 432
4645 5624
4646 332
4647 6552
4648 5413
4649 1285
4650 3522
4651 1420
4652 3503
4653 2601
4654 703
4655 935
4656 6479
4657 2427
4658 844
4659 2523
4660 848
4661 4381
4662 6679
4663 3437
4664 5848
4665 1328
4666 4233
4667 5769
4668 746
4669 4679
4670 3998
4671 4243
4672 382
4673 5106
4674 4448
4675 6325
4676 3195
4677 1857
4678 2572
4679 2286
4680 6676
4681 4072
4682 3773
4683 1380
4684 1580
4685 248
4686 4107
4687 5410
4688 6001
4689 1562
4690 1169
4691 4010
4692 1163
4693 5942
4694 6798
4695 5155
4696 2878
4697 5610
4698 3175
4699 1221
4700 7
4701 5130
4702 6666
4703 1743
4704 6018
4705 4340
4706 3122
4707 849
4708 6834
4709 6156
4710 2589
4711 1512
4712 3411
4713 1219
4714 4752
4715 1450
4716 2271
4717 4789
4718 4858
4719 5835
4720 3142
4721 6750
4722 4950
4723 6751
4724 3712
4725 4151
4726 21
4727 3303
4728 835
4729 642
4730 6599
4731 307
4732 287
4733 238
4734 933
4735 3723
4736 5753
4737 4056
4738 1559
4739 3002
4740 3289
4741 4161
4742 3396
4743 5685
4744 6166
4745 591
4746 4560
4747 4853
4748 4404
4749 1001
4750 4090
4751 3882
4752 55
4753 2526
4754 660
4755 3597
4756 1447
4757 6572
4758 4130
4759 1876
4760 4176
4761 3218
4762 122
4763 714
4764 3407
4765 1143
4766 6473
4767 517
4768 1620
4769 4249
4770 5158
4771 5909
4772 654
4773 2285
4774 3358
4775 5908
4776 5633
4777 5343
4778 5528
4779 6818
4780 3025
4781 6164
4782 5701
4783 6286
4784 956
4785 1136
4786 2745
4787 4634
4788 1184
4789 375
4790 2567
4791 806
4792 2096
4793 5570
4794 2668
4795 2169
4796 5271
4797 6281
4798 796
4799 6055
4800 5526
4801 6292
4802 1147
4803 1199
4804 3492
4805 1602
4806 3969
4807 4058
4808 5119
4809 4426
4810 5954
4811 2242
4812 4192
4813 2842
4814 4532
4815 649
4816 709
4817 771
4818 2768
4819 4628
4820 3509
4821 3149
4822 6158
4823 6512
4824 5710
4825 3167
4826 3142
4827 2718
4828 461
4829 3046
4830 6724
4831 4451
4832 5646
4833 5007
4834 4774
4835 539
4836 6343
4837 3678
4838 4298
4839 6281
4840 5856
4841 4604
4842 5715
4843 1976
4844 3376
4845 2089
4846 1884
4847 4031
4848 5005
4849 5249
4850 2237
4851 1175
4852 4062
4853 5739
4854 5424
4855 4839
4856 5796
4857 6720
4858 4884
4859 3864
4860 341
4861 20
4862 5060
4863 6799
4864 2975
4865 622
4866 6578
4867 2605
4868 5374
4869 1881
4870 6269
4871 4763
4872 356
4873 4952
4874 2894
4875 2902
4876 3828
4877 6389
4878 4991
4879 5539
4880 3976
4881 17
4882 2366
4883 1348
4884 6424
4885 4318
4886 2537
4887 1227
4888 2129
4889 5513
4890 1141
4891 3633
4892 3385
4893 3760
4894 861
4895 1335
4896 208
4897 6633
4898 3649
4899 1793
4900 5331
4901 1378
4902 1637
4903 259
4904 1734
4905 1923
4906 166
4907 298
4908 1635
4909 2630
4910 5398
4911 5152
4912 1316
4913 4179
4914 4230
4915 3522
4916 1793
4917 1769
4918 913
4919 6530
4920 2841
4921 3278
4922 480
4923 1714
4924 4818
4925 6050
4926 2041
4927 1678
4928 4755
4929 4138
4930 5678
4931 5540
4932 1716
4933 2817
4934 2961
4935 4976
4936 1963
4937 6786
4938 2541
4939 4300
4940 6080
4941 1529
4942 6496
4943 2243
4944 4503
4945 3858
4946 3439
4947 6264
4948 5852
4949 1708
4950 151
4951 1764
4952 832
4953 67
4954 4259
4955 4051
4956 6363
4957 6361
4958 1414
4959 543
4960 1325
4961 4296
4962 5019
4963 4687
4964 2226
4965 3890
4966 921
4967 658
4968 2215
4969 6268
4970 5139
4971 5232
4972 6084
4973 5831
4974 3575
4975 3768
4976 1486
4977 3206
4978 1896
4979 6301
4980 5387
4981 1838
4982 4024
4983 234
4984 2776
4985 2551
4986 6194
4987 1780
4988 3125
4989 3980
4990 3117
4991 5492
4992 276
4993 4724
4994 1179
4995 3391
4996 6166
4997 358
4998 6787
4999 7
5000 2126
5001 4318
5002 72
5003 4015
5004 1601
5005 1241
5006 5303
5007 2547
5008 6020
5009 5993
5010 1018
5011 6747
5012 687
5013 3387
5014 1919
5015 3614
5016 6286
5017 2620
5018 5372
5019 782
5020 5631
5021 1308
5022 1588
5023 1272
5024 4067
5025 151
5026 2347
5027 3618
5028 213
5029 410
5030 91
5031 1753
5032 2013
5033 108
5034 2659
5035 6289
5036 3540
5037 5689
5038 151
5039 1590
5040 5481
5041 630
5042 4836
5043 6333
5044 6254
5045 6246
5046 2084
5047 6404
5048 189
5049 5947
5050 4122
5051 3053
5052 6138
5053 3342
5054 702
5055 5052
5056 3873
5057 1168
5058 1340
5059 1183
5060 2056
5061 3660
5062 1390
5063 5389
5064 4763
5065 5007
5066 4480
5067 5516
5068 6367
5069 4362
5070 198
5071 5070
5072 5310
5073 6407
5074 1465
5075 5410
5076 5520
5077 2869
5078 5988
5079 5719
5080 5883
5081 3681
5082 2756
5083 1868
5084 3420
5085 2859
5086 3951
5087 3153
5088 4646
5089 6082
5090 4503
5091 950
5092 4149
5093 1574
5094 1066
5095 4369
5096 3311
5097 5411
5098 2856
5099 3634
5100 6300
5101 2438
5102 6299
5103 3867
5104 793
5105 981
5106 1554
5107 3796
5108 3659
5109 4154
5110 5753
5111 4749
5112 3875
5113 1077
5114 1471
5115 429
5116 4061
5117 2401
5118 2507
5119 6013
5120 5774
5121 322
5122 3006
5123 3220
5124 377
5125 3293
5126 3595
5127 802
5128 2209
5129 2939
5130 1164
5131 5080
5132 5894
5133 5894
5134 3322
5135 6677
5136 2263
5137 1454
5138 2297
5139 1159
5140 1236
5141 5478
5142 2560
5143 317
5144 5813
5145 5257
5146 579
5147 2784
5148 1905
5149 1602
5150 3295
5151 2464
5152 5254
5153 4770
5154 1049
5155 647
5156 5451
5157 3937
5158 176
5159 4982
5160 410
5161 3806
5162 626
5163 5413
5164 3980
5165 3940
5166 5462
5167 4092
5168 1768
5169 4991
5170 141
5171 6239
5172 822
5173 3729
5174 406
5175 1130
5176 3776
5177 5288
5178 6193
5179 5550
5180 1286
5181 1173
5182 333
5183 6824
5184 6524
5185 857
5186 3284
5187 2901
5188 6873
5189 5132
5190 6003
5191 2486
5192 602
5193 2861
5194 6083
5195 6528
5196 297
5197 2032
5198 4332
5199 6558
5200 5301
5201 5949
5202 1584
5203 2618
5204 1939
5205 1889
5206 1430
5207 6307
5208 3913
5209 4161
5210 4250
5211 6323
5212 770
5213 347
5214 1431
5215 5066
5216 6739
5217 373
5218 6206
5219 1765
5220 4692
5221 2429
5222 3810
5223 3059
5224 1644
5225 4979
5226 6257
5227 1651
5228 3709
5229 5413
5230 6491
5231 1653
5232 177
5233 5550
5234 6374
5235 2652
5236 6143
5237 2903
5238 4083
5239 1126
5240 5967
5241 941
5242 5383
5243 868
5244 6811
5245 3295
5246 2800
5247 1183
5248 5725
5249 1962
5250 3712
5251 3336
5252 1296
5253 5962
5254 1964
5255 6252
5256 6239
5257 1568
5258 4844
5259 5850
5260 1666
5261 3304
5262 1066
5263 2880
5264 4553
5265 4162
5266 521
5267 4141
5268 6404
5269 1375
5270 1577
5271 2493
5272 45
5273 1982
5274 6787
5275 3363
5276 450
5277 2383
5278 4281
5279 5718
5280 1662
5281 5602
5282 4732
5283 738
5284 2899
5285 2498
5286 5739
5287 3814
5288 2342
5289 4721
5290 3121
5291 3377
5292 2331
5293 6760
5294 4531
5295 5016
5296 1668
5297 894
5298 3498
5299 3581
5300 1521
5301 1578
5302 5134
5303 3704
5304 692
5305 665
5306 5238
5307 222
5308 4525
5309 3739
5310 4520
5311 70
5312 4828
5313 1108
5314 2999
5315 698
5316 4718
5317 2938
5318 3247
5319 4684
5320 4452
5321 5901
5322 4796
5323 5803
5324 6400
5325 1890
5326 2089
5327 4648
5328 4476
5329 1167
5330 5784
5331 3860
5332 145
5333 1484
5334 1970
5335 4034
5336 986
5337 4873
5338 6473
5339 510
5340 255
5341 1313
5342 5747
5343 2194
5344 6791
5345 6283
5346 705
5347 68
5348 2283
5349 1733
5350 4480
5351 2132
5352 6396
5353 1754
5354 5915
5355 4435
5356 784
5357 477
5358 2978
5359 4592
5360 3695
5361 5419
5362 5844
5363 620
5364 593
5365 542
5366 805
5367 4689
5368 4703
5369 3751
5370 3656
5371 1995
5372 5047
5373 400
5374 2117
5375 3112
5376 3596
5377 2647
5378 4976
5379 37
5380 1080
5381 3372
5382 2959
5383 6499
5384 3083
5385 5642
5386 3764
5387 2512
5388 1929
5389 4585
5390 3997
5391 2576
5392 5464
5393 1953
5394 4648
5395 2610
5396 5149
5397 2329
5398 4031
5399 2146
5400 1631
5401 6734
5402 3678
5403 531
5404 974
5405 5468
5406 4322
5407 2557
5408 2198
5409 5563
5410 6343
5411 435
5412 3387
5413 3609
5414 1464
5415 491
5416 2142
5417 5772
5418 1309
5419 5193
5420 4427
5421 2432
5422 6200
5423 542
5424 593
5425 5474
5426 6301
5427 2173
5428 3821
5429 3148
5430 6436
5431 6653
5432 4916
5433 137
5434 3165
5435 5268
5436 399
5437 4775
5438 3997
5439 1789
5440 1667
5441 4722
5442 6098
5443 1662
5444 4264
5445 6838
5446 1623
5447 2831
5448 6295
5449 6202
5450 3514
5451 5818
5452 4512
5453 2488
5454 4917
5455 2871
5456 857
5457 5664
5458 3449
5459 2226
5460 4263
5461 683
5462 5407
5463 6070
5464 1289
5465 6664
5466 605
5467 3664
5468 3480
5469 5336
5470 1201
5471 1004
5472 5421
5473 5264
5474 3417
5475 3465
5476 2138
5477 4119
5478 5574
5479 3064
5480 5330
5481 3019
5482 2482
5483 2247
5484 2672
5485 2637
5486 2379
5487 4237
5488 232
5489 5844
5490 2286
5491 4051
5492 3452
5493 1289
5494 4701
5495 3724
5496 1489
5497 1335
5498 1999
5499 6322
5500 2152
5501 4017
5502 2911
5503 1042
5504 5142
5505 4497
5506 6424
5507 5703
5508 6200
5509 1275
5510 4978
5511 526
5512 216
5513 5411
5514 3685
5515 2986
5516 2944
5517 1229
5518 1344
5519 2257
5520 4804
5521 1587
5522 55
5523 1092
5524 1470
5525 5236
5526 3860
5527 966
5528 5466
5529 4159
5530 2581
5531 6111
5532 4649
5533 1751
5534 3463
5535 4470
5536 2927
5537 3030
5538 2922
5539 6022
5540 1982
5541 5169
5542 3291
5543 4913
5544 4748
5545 4726
5546 2500
5547 684
5548 2594
5549 2003
5550 3629
5551 2177
5552 65
5553 2713
5554 2965
5555 1182
5556 6307
5557 1165
5558 5406
5559 4195
5560 376
5561 3781
5562 3947
5563 368
5564 3812
5565 5585
5566 2455
5567 460
5568 6724
5569 3647
5570 6499
5571 5677
5572 61
5573 1920
5574 851
5575 5297
5576 5466
5577 573
5578 5910
5579 3540
5580 6616
5581 845
5582 472
5583 3117
5584 3750
5585 4573
5586 3482
5587 3551
5588 3536
5589 2194
5590 4465
5591 3441
5592 855
5593 5354
5594 1912
5595 6494
5596 48
5597 6824
5598 5094
5599 997
5600 6382
5601 5708
5602 4201
5603 513
5604 6311
5605 3110
5606 2514
5607 1390
5608 2825
5609 4292
5610 1100
5611 6607
5612 3000
5613 6656
5614 6800
5615 6714
5616 5481
5617 4740
5618 4065
5619 2657
5620 6450
5621 1299
5622 2332
5623 5520
5624 3825
5625 2638
5626 5383
5627 6505
5628 3980
5629 6374
5630 1479
5631 5453
5632 1307
5633 180
5634 4586
5635 2587
5636 5398
5637 3899
5638 6089
5639 4665
5640 714
5641 2447
5642 1794
5643 1740
5644 3455
5645 1011
5646 2521
5647 2821
5648 2212
5649 860
5650 2834
5651 2647
5652 6447
5653 4776
5654 4716
5655 5421
5656 1503
5657 1536
5658 345
5659 888
5660 394
5661 806
5662 2858
5663 3574
5664 6286
5665 4839
5666 3384
5667 4746
5668 5693
5669 5083
5670 223
5671 4725
5672 4964
5673 3946
5674 1075
5675 2244
5676 6653
5677 665
5678 1705
5679 1690
5680 711
5681 1462
5682 4018
5683 1126
5684 6513
5685 1039
5686 1146
5687 4304
5688 2885
5689 4309
5690 2303
5691 6212
5692 5322
5693 1381
5694 5050
5695 5053
5696 1566
5697 339
5698 2291
5699 5904
5700 4170
5701 1242
5702 3252
5703 6680
5704 6046
5705 6684
5706 2795
5707 1592
5708 5428
5709 1596
5710 1745
5711 5705
5712 5518
5713 2516
5714 6263
5715 5478
5716 5058
5717 3054
5718 6273
5719 3926
5720 4458
5721 833
5722 5717
5723 2381
5724 1786
5725 722
5726 1210
5727 5398
5728 5197
5729 4217
5730 3418
5731 1699
5732 3167
5733 2922
5734 2721
5735 2683
5736 42
5737 2039
5738 4429
5739 3511
5740 1410
5741 2224
5742 5968
5743 6352
5744 3250
5745 5463
5746 6505
5747 2127
5748 293
5749 6291
5750 4481
5751 6419
5752 1441
5753 3968
5754 6481
5755 1962
5756 6424
5757 3678
5758 6757
5759 2167
5760 2165
5761 5084
5762 3336
5763 5595
5764 3638
5765 3063
5766 5744
5767 258
5768 3935
5769 2425
5770 4735
5771 4548
5772 5163
5773 608
5774 5858
5775 1425
5776 4110
5777 1963
5778 5378
5779 6809
5780 5641
5781 2091
5782 6068
5783 5323
5784 391
5785 6226
5786 5198
5787 5549
5788 6475
5789 2500
5790 2502
5791 6338
5792 1862
5793 1488
5794 79
5795 3824
5796 834
5797 4084
5798 5234
5799 1631
5800 740
5801 324
5802 6401
5803 3631
5804 1637
5805 1443
5806 5014
5807 4752
5808 849
5809 3915
5810 5100
5811 2176
5812 5988
5813 3722
5814 1876
5815 3676
5816 382
5817 6620
5818 6671
5819 5113
5820 1885
5821 5353
5822 6421
5823 595
5824 884
5825 5321
5826 1680
5827 3168
5828 4060
5829 4469
5830 3224
5831 2044
5832 3780
5833 5993
5834 4320
5835 1766
5836 3218
5837 4003
5838 6764
5839 891
5840 2632
5841 2778
5842 6261
5843 6134
5844 1268
5845 5435
5846 1401
5847 5471
5848 6003
5849 1
5850 6536
5851 3763
5852 1226
5853 2963
5854 4383
5855 2199
5856 2052
5857 3622
5858 5528
5859 581
5860 3181
5861 1457
5862 364
5863 4688
5864 2969
5865 1666
5866 2038
5867 2320
5868 943
5869 4186
5870 6856
5871 2551
5872 1752
5873 3559
5874 1627
5875 6556
5876 631
5877 107
5878 600
5879 5712
5880 6421
5881 6415
5882 5213
5883 4712
5884 6403
5885 1824
5886 6327
5887 1238
5888 5694
5889 2917
5890 879
5891 4481
5892 5912
5893 245
5894 4069
5895 4821
5896 6726
5897 440
5898 3140
5899 860
5900 6529
5901 5788
5902 5184
5903 4101
5904 1683
5905 5841
5906 5327
5907 3936
5908 5207
5909 6575
5910 1919
5911 5131
5912 3424
5913 2369
5914 3234
5915 3909
5916 4265
5917 5219
5918 2962
5919 857
5920 4496
5921 6381
5922 5384
5923 1909
5924 1042
5925 5398
5926 2727
5927 4499
5928 2624
5929 3736
5930 2605
5931 2130
5932 6111
5933 4773
5934 1381
5935 1395
5936 4069
5937 678
5938 2230
5939 5606
5940 4346
5941 5191
5942 1721
5943 1578
5944 282
5945 3478
5946 759
5947 2906
5948 2031
5949 1682
5950 700
5951 6357
5952 2353
5953 4664
5954 3329
5955 2743
5956 2985
5957 759
5958 5293
5959 6077
5960 654
5961 3279
5962 5653
5963 1197
5964 4600
5965 232
5966 5230
5967 6235
5968 3956
5969 4934
5970 4709
5971 5912
5972 1785
5973 3465
5974 2354
5975 2682
5976 5205
5977 1256
5978 5953
5979 2131
5980 1794
5981 6270
5982 4847
5983 1723
5984 3437
5985 3686
5986 3191
5987 3599
5988 5141
5989 5548
5990 1055
5991 912
5992 1375
5993 1634
5994 4724
5995 1811
5996 1786
5997 646
5998 1423
5999 5388
6000 4458
6001 1067
6002 3451
6003 6526
6004 2222
6005 5667
6006 5677
6007 2915
6008 4002
6009 3407
6010 3094
6011 276
6012 4282
6013 4436
6014 3830
6015 855
6016 587
6017 3738
6018 5345
6019 4734
6020 3490
6021 5757
6022 3745
6023 6116
6024 3030
6025 831
6026 356
6027 69
6028 5498
6029 1727
6030 6098
6031 3422
6032 2781
6033 2324
6034 4436
6035 1746
6036 389
6037 3382
6038 5082
6039 5618
6040 5036
6041 4818
6042 3896
6043 6193
6044 1052
6045 6301
6046 1221
6047 6579
6048 6125
6049 6380
6050 505
6051 6623
6052 403
6053 5632
6054 2016
6055 797
6056 5162
6057 5597
6058 1996
6059 1175
6060 4793
6061 6731
6062 4467
6063 6764
6064 2417
6065 335
6066 2710
6067 3548
6068 2552
6069 3199
6070 1411
6071 4459
6072 4905
6073 5195
6074 5613
6075 885
6076 5436
6077 1255
6078 6439
6079 2537
6080 87
6081 4801
6082 5538
6083 3893
6084 424
6085 6835
6086 2399
6087 1751
6088 5189
6089 5995
6090 6487
6091 2399
6092 1711
6093 4109
6094 6711
6095 3030
6096 2708
6097 3731
6098 476
6099 3450
6100 2565
6101 23
6102 4845
6103 3140
6104 4826
6105 3816
6106 3656
6107 3049
6108 1191
6109 3945
6110 6510
6111 5467
6112 4495
6113 5580
6114 1661
6115 875
6116 5281
6117 3040
6118 520
6119 2629
6120 2975
6121 3622
6122 1556
6123 3704
6124 1703
6125 1569
6126 5985
6127 1136
6128 546
6129 1670
6130 3870
6131 5330
6132 6750
6133 3086
6134 327
6135 242
6136 1988
6137 6207
6138 933
6139 137
6140 5830
6141 3993
6142 5753
6143 398
6144 6752
6145 762
6146 1646
6147 4974
6148 1740
6149 6317
6150 1919
6151 1504
6152 5123
6153 3948
6154 5070
6155 4391
6156 3282
6157 6039
6158 1250
6159 6096
6160 4187
6161 1151
6162 5860
6163 6628
6164 4016
6165 6234
6166 2843
6167 1887
6168 5313
6169 4706
6170 2666
6171 3082
6172 3006
6173 1258
6174 5137
6175 594
6176 624
6177 2535
6178 2028
6179 5912
6180 1160
6181 3614
6182 5147
6183 963
6184 4905
6185 6524
6186 5200
6187 786
6188 3645
6189 6745
6190 4
6191 3564
6192 1717
6193 2580
6194 234
6195 4970
6196 3333
6197 4410
6198 4123
6199 4876
6200 6343
6201 3156
6202 3740
6203 1665
6204 1414
6205 6032
6206 4344
6207 2551
6208 5073
6209 3579
6210 224
6211 263
6212 3939
6213 5844
6214 4235
6215 5085
6216 4287
6217 4945
6218 3036
6219 247
6220 2595
6221 872
6222 977
6223 6029
6224 4995
6225 4929
6226 940
6227 2559
6228 6180
6229 3129
6230 998
6231 2500
6232 4088
6233 2896
6234 3335
6235 3440
6236 5817
6237 1409
6238 606
6239 1697
6240 92
6241 3454
6242 966
6243 34
6244 6224
6245 6776
6246 6562
6247 3779
6248 5528
6249 3056
6250 1595
6251 1688
6252 3178
6253 2917
6254 6475
6255 1164
6256 259
6257 5821
6258 2857
6259 6802
6260 1938
6261 2640
6262 3472
6263 5052
6264 63
6265 4958
6266 3060
6267 4713
6268 5632
6269 3823
6270 875
6271 4290
6272 3313
6273 5999
6274 3530
6275 2867
6276 1280
6277 1239
6278 3018
6279 6286
6280 2990
6281 323
6282 6372
6283 3238
6284 1050
6285 3087
6286 25
6287 3069
6288 5773
6289 3389
6290 6877
6291 1302
6292 418
6293 799
6294 3406
6295 4605
6296 2714
6297 4202
6298 4477
6299 1012
6300 5121
6301 6808
6302 5524
6303 1054
6304 1708
6305 3635
6306 1393
6307 3777
6308 5151
6309 3303
6310 2375
6311 2175
6312 1551
6313 3683
6314 2386
6315 5373
6316 4392
6317 237
6318 3304
6319 1430
6320 2628
6321 2606
6322 3121
6323 5447
6324 6700
6325 3785
6326 3408
6327 3797
6328 4443
6329 4691
6330 2129
6331 2421
6332 6045
6333 1658
6334 2185
6335 1663
6336 2466
6337 5809
6338 5488
6339 3271
6340 5546
6341 6645
6342 2253
6343 5313
6344 6010
6345 3053
6346 2562
6347 5180
6348 5160
6349 5414
6350 6362
6351 3084
6352 4998
6353 901
6354 1666
6355 634
6356 1358
6357 611
6358 4108
6359 2950
6360 2264
6361 2477
6362 972
6363 6476
6364 6587
6365 2518
6366 5273
6367 6771
6368 6555
6369 5658
6370 3805
6371 2589
6372 5086
6373 4648
6374 6815
6375 2338
6376 3965
6377 3201
6378 3641
6379 1419
6380 3856
6381 4584
6382 2320
6383 3210
6384 3981
6385 2401
6386 3649
6387 2996
6388 6773
6389 5746
6390 1269
6391 1512
6392 5966
6393 3457
6394 1892
6395 6380
6396 1954
6397 4439
6398 5594
6399 2725
6400 2310
6401 4742
6402 1701
6403 3054
6404 4347
6405 2092
6406 1010
6407 6600
6408 1996
6409 4762
6410 1863
6411 3684
6412 4241
6413 2208
6414 2911
6415 2177
6416 3859
6417 2179
6418 2877
6419 2831
6420 5152
6421 277
6422 1452
6423 3582
6424 2258
6425 1054
6426 2368
6427 5005
6428 6063
6429 29
6430 4056
6431 1728
6432 4686
6433 713
6434 5182
6435 4345
6436 5482
6437 6331
6438 5602
6439 1659
6440 5801
6441 4991
6442 98
6443 1049
6444 5112
6445 2031
6446 1635
6447 1348
6448 2987
6449 3056
6450 3075
6451 4137
6452 238
6453 1470
6454 6180
6455 6009
6456 4344
6457 3443
6458 897
6459 901
6460 1096
6461 3854
6462 483
6463 4208
6464 4865
6465 3785
6466 6092
6467 6364
6468 4621
6469 5182
6470 5043
6471 147
6472 6116
6473 2642
6474 2897
6475 4737
6476 2148
6477 5554
6478 3832
6479 203
6480 2172
6481 313
6482 5285
6483 958
6484 3519
6485 61
6486 1096
6487 641
6488 4994
6489 2197
6490 6509
6491 4889
6492 1794
6493 750
6494 624
6495 861
6496 2007
6497 5536
6498 2175
6499 4899
6500 1240
6501 6638
6502 288
6503 4756
6504 180
6505 2099
6506 103
6507 5095
6508 5897
6509 6144
6510 3671
6511 5402
6512 5283
6513 3051
6514 2685
6515 4129
6516 1838
6517 4091
6518 3861
6519 6075
6520 600
6521 813
6522 5064
6523 2014
6524 4506
6525 905
6526 3856
6527 3345
6528 5155
6529 6071
6530 1833
6531 95
6532 6449
6533 5252
6534 586
6535 6236
6536 1132
6537 879
6538 3035
6539 5698
6540 2602
6541 3591
6542 6410
6543 3873
6544 5263
6545 4195
6546 3003
6547 6197
6548 3804
6549 1254
6550 877
6551 2890
6552 1491
6553 1338
6554 604
6555 152
6556 2378
6557 6523
6558 6237
6559 1890
6560 516
6561 877
6562 326
6563 3010
6564 1568
6565 549
6566 4261
6567 5811
6568 5525
6569 1598
6570 5894
6571 3496
6572 6857
6573 5017
6574 5959
6575 2190
6576 240
6577 2263
6578 2337
6579 5229
6580 3681
6581 5339
6582 3402
6583 4002
6584 3197
6585 3897
6586 5899
6587 3408
6588 3703
6589 4558
6590 4996
6591 282
6592 4057
6593 3010
6594 662
6595 285
6596 3014
6597 5555
6598 1241
6599 5042
6600 5748
6601 6114
6602 4973
6603 4020
6604 2616
6605 884
6606 6799
6607 1959
6608 801
6609 1886
6610 4591
6611 6605
6612 441
6613 150
6614 4923
6615 1157
6616 3622
6617 6311
6618 4950
6619 1228
6620 2835
6621 3350
6622 3889
6623 1060
6624 1362
6625 3615
6626 5998
6627 4080
6628 710
6629 4467
6630 2390
6631 4998
6632 2996
6633 4178
6634 1211
6635 2687
6636 4224
6637 2976
6638 1694
6639 3753
6640 4040
6641 5466
6642 1608
6643 5741
6644 5622
6645 6514
6646 3682
6647 1612
6648 4180
6649 505
6650 4501
6651 5209
6652 4124
6653 6363
6654 6529
6655 55
6656 2894
6657 6771
6658 3426
6659 550
6660 2269
6661 2161
6662 582
6663 5823
6664 5454
6665 1382
6666 5858
6667 1766
6668 630
6669 2997
6670 3069
6671 3606
6672 202
6673 1609
6674 3334
6675 2401
6676 353
6677 3790
6678 5583
6679 2852
6680 2061
6681 902
6682 912
6683 1055
6684 1287
6685 100
6686 2782
6687 1455
6688 2738
6689 1463
6690 3502
6691 5747
6692 5812
6693 4066
6694 6391
6695 3582
6696 632
6697 1519
6698 5313
6699 6210
6700 5520
6701 2941
6702 3186
6703 3570
6704 2589
6705 5082
6706 1795
6707 2356
6708 4315
6709 3458
6710 1419
6711 5984
6712 3749
6713 3147
6714 2108
6715 204
6716 1417
6717 457
6718 3507
6719 3029
6720 2646
6721 870
6722 771
6723 6099
6724 4732
6725 2336
6726 4575
6727 5335
6728 4905
6729 1682
6730 3988
6731 2433
6732 39
6733 5368
6734 2727
6735 6466
6736 1306
6737 5364
6738 5451
6739 1370
6740 1430
6741 4595
6742 5536
6743 5175
6744 5179
6745 1905
6746 257
6747 6662
6748 3078
6749 2358
6750 3363
6751 1066
6752 3797
6753 3934
6754 3071
6755 6872
6756 5687
6757 5665
6758 2498
6759 3136
6760 5498
6761 5894
6762 1873
6763 68
6764 4296
6765 648
6766 135
6767 5522
6768 4203
6769 4780
6770 6677
6771 1929
6772 4691
6773 2095
6774 2423
6775 164
6776 5471
6777 6471
6778 6516
6779 1607
6780 6697
6781 2782
6782 4564
6783 2933
6784 5956
6785 3417
6786 572
6787 2388
6788 6575
6789 4720
6790 5207
6791 6357
6792 614
6793 162
6794 5602
6795 5395
6796 2885
6797 4289
6798 1305
6799 2080
6800 3923
6801 5425
6802 3826
6803 4283
6804 5016
6805 1690
6806 4265
6807 60
6808 6658
6809 999
6810 357
6811 182
6812 6586
6813 229
6814 3198
6815 6077
6816 1474
6817 5617
6818 5664
6819 6225
6820 388
6821 1824
6822 2169
6823 1916
6824 3333
6825 4978
6826 5992
6827 6337
6828 3096
6829 2036
6830 5306
6831 4049
6832 1215
6833 1216
6834 3898
6835 1024
6836 3611
6837 5992
6838 3414
6839 5399
6840 3217
6841 3917
6842 6331
6843 42
6844 811
6845 6844
6846 720
6847 6199
6848 329
6849 6776
6850 5068
6851 2818
6852 6082
6853 3581
6854 2806
6855 2773
6856 3217
6857 5038
6858 5074
6859 1366
6860 4760
6861 1204
6862 6182
6863 6466
6864 621
6865 6018
6866 4522
6867 2886
6868 2015
6869 732
6870 2034
6871 4400
6872 1153
6873 3577
6874 3672
6875 2407
6876 1038
6877 3621
6878 38
6879 3616
3113
5741
1287
5880
160
5425
165
1441
150
6575
4992
3104
683
3216
5228
5324
5866
423
477
2254
1036
4515
5447
2704
582
3406
3618
2504
4950
1442
2909
370
774
2223
4812
2735
1628
5107
2862
5060
3539
463
4877
6433
2160
6440
3991
3887
1485
4199
1682
5750
3596
5154
660
3402
745
3622
4875
4257
5638
1875
3094
3025
5660
5929
3165
6528
1838
6119
37
3322
3061
574
3654
4252
6272
2589
760
4361
3184
1336
5341
6673
1165
6396
3405
2873
5006
1668
6755
3410
758
2065
4294
479
5480
6738
4295
5723
6138
2397
433
2566
1120
2351
41
212
6607
3615
6177
3075
4000
587
882
5266
6335
3756
598
4814
6130
2502
3672
5693
1282
4082
5643
4631
5888
1293
4935
1468
3812
4313
457
3073
1464
368
71
6039
5795
3819
2440
476
1687
5014
5790
3839
5164
1046
4907
6112
2142
6006
2731
1709
3532
3882
1048
6375
5747
2424
6633
3106
3168
1071
3858
6578
5893
2955
3210
5286
2849
380
2801
513
6385
2484
6036
2480
6397
1458
3706
860
6588
4642
13
1357
2527
3960
2655
1338
2419
4737
2701
3566
2333
5195
2948
2564
85
6024
3262
3317
6217
2153
6154
130
1772
807
603
4322
6134
5817
1951
3143
3170
1400
4266
629
282
418
1062
1122
5065
3692
834
5122
6379
1486
3721
6517
4053
3682
1484
5499
110
2632
89
2222
2533
1590
5201
4465
2279
1914
6874
294
2412
5509
3773
3067
1567
1729
1511
1168
992
2607
5669
6308
5198
2190
1399
7
6857
2960
2155
471
3980
2922
5807
2669
608
4424
427
5119
3630
6077
3559
3126
2805
3354
2306
3570
3454
6471
2635
6034
77
2346
4983
5300
3325
4866
1549
4197
1947
1676
2945
4335
6814
4438
2249
1944
5687
5858
5368
4140
2468
5218
4430
6775
744
2244
1846
640
4271
539
4261
1915
4013
1864
1077
5776
5027
5173
2979
6529
964
3054
5430
1664
6717
3447
495
2583
2185
4076
4135
3649
3541
4723
1302
2130
4926
5571
3350
2879
3132
366
4711
6590
3898
3011
3453
6111
5585
6732
6343
6194
1532
168
6304
4367
6167
2009
1230
6638
5500
6445
2332
3309
3177
3782
2059
2301
5690
5637
2990
2149
54
1465
1075
584
5010
4446
3227
4799
394
5152
3742
5243
1704
2459
5188
4073
5505
2378
4244
1525
2520
6851
6113
1638
1479
6527
6140
5635
2361
4235
3024
2000
75
769
3312
2708
700
3305
5895
3157
2794
593
6792
1923
6573
3958
4666
4664
3607
4779
4734
4466
100
4269
5416
5843
253
727
6030
5826
6219
5748
3486
170
4310
5701
2364
1843
6009
1512
5374
1311
5810
179
2699
4074
5611
551
3732
5700
3976
5770
6106
1863
3711
853
5205
76
1430
5522
2561
1419
2139
6357
5545
712
32
216
2356
1956
5839
636
5125
1810
1391
1640
4181
430
4015
3924
6681
2754
501
2447
2959
6743
4028
5170
6202
6184
4358
3688
210
6831
1888
5568
3478
4455
3027
4714
3650
5971
425
701
6676
6559
6075
4159
4503
1250
3565
6766
1414
5725
3474
637
5120
1735
3701
2668
428
153
5576
4495
4463
1629
6169
6035
3129
90
3181
4158
5215
1191
107
3241
6641
4183
6787
1643
2653
1829
34
4567
4425
893
6525
2804
6373
2905
1529
6351
202
5566
6451
3730
3816
6080
5917
6877
6655
6872
2278
888
4423
2450
5550
1085
4564
172
3799
5618
885
737
4994
3357
1531
1815
5049
2215
5977
6612
1737
299
4881
1315
1354
1993
3284
5554
975
1579
4653
4572
6028
743
395
5548
1478
74
3619
3042
3719
6210
6644
1650
4360
1099
1407
5097
5009
6010
3301
2927
4109
831
1397
4029
1852
2246
4034
67
2508
4519
4697
301
3244
4350
971
5323
2463
1313
6564
412
3419
759
6530
1607
3868
3368
1688
4735
919
2864
2591
952
3369
5397
244
4692
5923
4006
5343
6330
3030
5838
1127
946
3164
2401
6207
2987
5098
1612
1346
6566
2127
2526
44
1663
6480
384
541
1392
3452
820
5716
6124
5503
5161
4513
6652
414
5220
5846
5232
5197
4600
2224
4789
6510
4547
3353
2585
4805
2541
2908
1078
6703
5069
3585
4854
246
1002
1627
4370
1785
3833
837
3313
5143
1862
6828
3376
5328
4389
4044
4351
5586
6871
771
2838
4879
1198
2464
2539
5238
2386
1460
845
1323
6864
6161
787
3982
3834
3875
5490
416
1305
3502
78
5440
2292
4760
1642
6203
1547
4378
3470
2454
3830
5380
6587
2177
3161
5196
851
1351
4933
3803
1883
600
5524
4861
1719
4632
709
5211
4865
3745
2808
498
4011
6402
3820
4157
4009
1360
614
5557
4067
3806
338
923
3330
6287
3973
830
4858
3077
962
1169
2829
2800
5899
3624
5639
2272
890
6084
5085
2474
6442
2563
2939
126
5432
934
1680
28
6173
5202
2760
4980
3307
3516
1393
2317
4364
1706
1285
2921
5544
3411
3000
5952
4719
4102
4890
6162
2399
6837
5813
4070
6234
1513
1867
6078
2605
1395
5481
3159
705
4045
2020
879
2867
1690
5158
3641
797
191
2154
4917
6600
3069
1954
824
3627
3361
2892
2902
2726
3019
5169
5534
3421
4626
1426
2132
4281
6762
6254
4218
3941
4819
6347
30
1661
6196
2715
1949
1146
4431
1630
5363
3423
2437
426
6684
3371
1760
1145
4026
5756
4048
1242
2328
2318
6687
6876
3231
6495
2379
822
5717
23
1878
6252
5947
725
4254
2324
6257
4687
1332
1329
5289
3441
5012
6331
2449
750
6014
6666
2359
671
2113
6870
1093
3633
5007
957
2886
3062
5498
891
3053
1651
4200
922
1618
1952
1582
2088
2920
1428
5520
898
5248
772
2388
4086
6319
1822
4129
979
6509
166
1296
1506
3112
1051
3912
3597
3046
1789
3600
3761
4227
2727
3902
5806
3749
4622
4117
5937
6683
1422
4068
4741
1136
6680
4234
3197
2859
2461
5811
5290
3087
1827
3414
6742
6278
2238
4374
2626
5906
5297
358
352
5943
2895
2199
1115
6817
149
5352
4491
2403
1842
5450
2054
2078
5735
5512
6519
1126
249
2995
6147
3434
1770
6602
2226
5506
4442
1622
3085
2486
2559
3212
2898
1488
3844
1848
3188
6434
4168
1926
2322
2311
544
5446
2011
3771
4639
5442
3961
4549
681
3602
1372
3260
1319
3997
6751
5075
1069
1498
3865
6193
2166
4057
4379
1775
2470
5970
1740
2756
3922
491
5448
5178
2768
5133
3275
3259
5993
2171
4936
1961
1466
4740
49
628
3704
889
4435
5083
6756
5435
5320
5226
3759
520
1386
2329
3438
1581
6697
5084
4381
1070
1761
1550
2630
4701
4286
266
5316
2156
3418
937
5881
953
2143
6852
3041
1976
6842
140
5484
6150
6097
1190
1417
3002
5414
4186
3138
3779
6512
6693
5407
3891
2684
3198
6072
401
627
3634
3487
6073
1187
317
6360
2123
6425
4239
2456
2006
6450
5527
6737
1755
6484
669
4243
611
6523
3916
1252
1076
2194
5695
6004
2118
2442
3689
14
2622
4178
1893
2236
6423
2795
561
4214
1897
2785
4139
2108
6757
5867
2060
844
2997
2687
1539
4845
1312
5273
960
2460
474
2471
4984
645
1816
6788
3856
3598
3118
3815
2656
4520
6805
1358
1156
4829
4249
5355
3096
5911
4336
2208
528
3614
264
5634
5686
652
5962
5089
2683
6420
1320
995
238
2578
2081
5574
241
19
6251
5271
4318
2129
297
5650
3963
4526
1295
1959
6151
4934
2534
1555
5268
5733
6608
1219
2755
3133
5872
2918
3947
2290
3904
3914
3969
5094
3986
6472
6629
4986
4522
4972
3201
731
6714
5061
6141
2262
12
4499
5561
4
6594
1988
156
4571
103
1182
1808
259
6694
1955
1814
5513
3929
790
109
742
5655
2974
5305
3551
4134
6042
5818
5021
3838
3700
839
4303
339
3953
943
4902
228
1904
6296
4529
316
3393
2980
3203
4649
6789
6713
732
167
2717
4832
2634
6133
6749
4363
4393
95
1164
4947
4647
4595
6746
6659
5657
1063
6127
3796
3616
4408
3874
773
5342
1820
1649
1004
6117
5869
5080
6593
4966
4042
4989
5041
6674
4166
1273
780
1931
5176
5235
3884
4742
6601
6110
4413
6499
5103
5064
1546
4023
1697
6008
4795
407
6658
3930
305
4038
748
5242
6858
6125
3707
4456
2858
5502
6359
6802
5753
4825
6095
5861
2915
4211
6247
6268
261
6283
654
5458
3744
1818
2517
148
5370
6760
2548
3358
1131
6695
5816
6466
558
6747
455
2368
6679
4501
1364
6093
6324
4823
1167
2556
2869
5456
3057
540
4636
956
3013
5619
3811
22
4898
3220
1890
5003
643
1977
6108
2812
6535
4327
973
6436
1916
3225
529
2247
3059
6414
3788
5668
5371
1494
567
2104
273
6470
5379
1110
6496
1040
6605
796
3480
5252
6506
5666
3693
5005
914
3169
138
869
2274
4860
5740
2281
3764
5597
1854
6668
334
3696
618
5155
5672
3851
2176
3199
3429
1440
1450
3757
1707
4665
4154
4333
6218
3
3665
1151
5854
1637
4817
6511
2467
849
1632
5180
6021
3835
6849
4395
4231
65
6508
3044
653
6079
5844
6635
2063
4673
5938
6648
1705
3635
3640
2260
730
4404
1936
1932
4880
5141
4476
6325
5399
6250
3664
5339
2047
4278
4715
1803
5676
3738
1308
3768
4277
4342
4545
3078
4451
4484
2367
69
1188
6329
5745
1337
648
2753
6197
5582
4954
2884
855
421
2977
5394
2516
1021
3550
4948
5805
2528
4553
3364
5229
2034
2724
3934
4685
4221
5073
5667
5870
5283
2590
2439
5109
4416
3496
4929
868
3152
5605
599
2112
968
1834
369
1217
6730
5842
1588
4946
484
4976
398
5834
4709
3279
4901
3153
1811
878
4414
361
2273
1652
1058
4204
2932
3273
365
205
2998
255
1149
4925
1463
4953
4170
6586
2657
5773
4678
6275
4054
6740
4956
2366
2045
6639
6233
4539
4637
668
5372
4407
4377
4347
4566
5516
4155
1366
108
4988
6630
6580
3966
1025
1946
4811
6175
1942
1847
3680
459
634
6690
527
6469
4426
4118
1238
6490
617
1522
3575
3253
2135
3521
3568
3485
858
1836
2543
1300
3072
886
1908
5936
2087
1996
5743
4209
4346
1012
2940
420
4061
4864
6778
5859
1462
3728
6866
4030
4759
3841
3987
4769
3511
1133
655
2373
6263
4126
4432
1375
6088
6350
4792
2107
462
4284
271
2567
1380
4810
2200
1700
3121
233
4385
499
1124
576
1601
2798
4840
2307
6875
144
4941
2957
2407
344
1348
56
4112
3375
4982
565
2188
1068
154
4635
4151
6719
5151
821
1007
88
3304
6571
1950
4206
4975
1896
2840
688
4282
4100
1505
3430
5862
5299
1153
2642
1406
4409
4842
3120
4125
4153
2266
6502
2243
5345
6056
4599
5691
329
2021
1080
2562
1108
2993
2947
5961
10
6418
5809
2363
5231
437
1557
6692
3809
379
1109
3213
4772
3437
4348
5868
904
354
1368
6461
3392
4627
3620
555
159
2606
3503
1423
6411
6061
6429
5860
840
1223
571
2545
6405
3983
4778
5601
2377
6710
4765
4396
4968
93
5630
419
3580
4241
3951
3717
281
3176
6475
2253
1962
465
4689
1159
3036
6774
2949
3119
2312
1130
3254
6281
2002
129
3461
6819
685
2100
3097
3612
4873
5984
1922
3564
6340
3977
1207
5851
2718
3070
2049
6235
2406
6656
5210
5250
4443
5183
5135
4402
2058
2347
3316
2839
5939
2073
3010
1530
6187
823
3433
3731
3306
5692
27
5892
5287
1658
1183
2124
5350
4524
3261
564
5908
5967
6750
6408
4878
2340
351
5055
676
2965
1467
377
1538
4700
2661
4314
4546
3006
2096
1576
2686
1781
1135
6781
206
2214
6541
1584
2826
1681
5588
6609
6832
5438
258
4418
3954
2012
6584
3255
3031
1074
3668
5671
4056
5552
3769
5255
2257
6313
1
2080
1244
466
5652
2027
3114
3018
21
6447
2558
755
874
3992
2499
136
2032
6610
4233
6554
3380
6180
3089
1801
1677
3817
4570
2465
2757
3647
6044
4371
2711
6782
1333
5191
3318
4296
6492
6620
4668
3086
6318
4837
4587
6634
1289
60
524
2984
3385
1116
6422
387
5421
2093
6026
3829
4964
178
2294
175
3029
6277
3387
4530
1201
3409
3032
2372
320
3451
4806
6622
3573
2843
6467
897
950
5777
6220
2327
779
2933
5829
1717
311
5100
6164
6328
6727
5607
4290
1158
1482
3933
2770
1032
998
125
284
11
6878
959
1382
6382
997
6868
2035
1283
1292
770
5720
5724
6027
6854
588
6624
6253
1626
4085
5803
1939
2389
1270
3218
3942
2876
682
1291
4483
4834
1276
3204
2038
1753
2745
5043
3855
83
1885
2943
2645
5530
5039
4299
2136
4229
2336
1409
29
5453
2159
4852
5099
1043
553
5808
68
1860
4203
1871
515
1144
6168
3522
1091
3107
4171
909
6057
2125
5766
6826
4804
5068
6825
443
801
2452
4469
3927
3219
3103
6092
6165
328
122
3726
3488
3881
3909
2169
6821
1784
4731
5488
86
4654
4025
808
6718
1278
720
104
3729
38
1574
1589
620
1750
1233
4031
5472
3943
4136
6356
3460
6211
2103
1692
2546
4401
781
3286
5276
1429
3631
332
5694
817
698
4128
1212
2458
3180
3489
852
5332
3483
717
5761
3475
6389
2623
2767
2349
2488
3586
4195
3775
856
2370
6448
699
545
5786
6476
5988
6286
6794
3569
4716
5128
6532
5879
6163
70
467
1390
214
4794
5203
114
1884
3277
2778
1536
1105
4263
2390
2923
3111
5799
20
1114
1100
843
880
5754
610
2554
2968
3515
710
448
1585
1986
951
4896
184
3577
1545
1898
3407
3256
1523
5968
2989
1261
6386
6221
6846
2239
5897
6102
1813
6171
5793
6500
4304
2680
342
5280
5485
2698
4060
662
5708
410
1176
6460
239
2675
6269
5525
6369
5344
4459
102
137
6770
1739
3946
4835
2917
3145
3142
3192
5118
896
1773
1558
2531
2551
2052
5610
798
2787
4708
2929
1457
5886
3859
2647
3377
4509
2609
5433
6274
2173
4004
1047
5212
2944
4884
6845
4558
469
6191
6305
6539
3374
5241
5594
2872
5189
2971
5781
1369
1973
1439
4756
2416
504
4813
288
556
5959
4175
2880
812
5711
2662
2565
3292
6835
606
783
5483
4180
3878
5319
4433
6245
6107
928
5857
4694
5511
986
5093
3303
3355
6115
6769
1415
4543
4776
657
2275
2739
2396
4882
2866
667
451
638
4603
4415
6576
4113
4301
3746
4437
1327
4671
1054
5209
3338
6227
5976
1049
3659
5256
2320
6065
5832
549
5651
4468
4187
6090
3801
4173
5642
5728
4855
1072
2245
2540
6410
5124
859
4471
1599
3294
51
1870
3718
811
6536
1763
4821
359
185
4748
2614
4439
1263
6393
2091
4161
312
3021
4970
2148
3702
5802
5230
1288
1874
5318
4482
1698
3359
199
4725
3727
5105
2505
1387
2051
4083
5774
6062
2071
2076
714
3372
4047
3666
4300
3311
2942
2646
3814
5126
3948
147
4849
1665
2090
4405
2809
2776
4710
1825
5466
6032
4888
6029
2899
3146
254
2640
2248
272
4141
5417
4496
3196
3022
5591
6146
2430
1172
3058
1045
2325
6367
604
4397
218
2304
4730
4876
630
2435
5192
5599
1573
1605
5578
2579
804
3777
1137
4224
1617
6336
6384
6780
2487
6614
3805
3911
6407
647
4853
5928
6149
3033
1019
4584
2881
6076
