7179 127
1 6666
2 4440
3 2882
4 6089
5 3995
6 1968
7 5771
8 2881
9 6154
10 1428
11 2647
12 301
13 2896
14 3237
15 5469
16 1965
17 6706
18 5086
19 5914
20 4482
21 4971
22 4747
23 690
24 3146
25 4625
26 2783
27 2217
28 965
29 4622
30 2277
31 5237
32 3445
33 6151
34 2714
35 3111
36 5654
37 6166
38 4199
39 1939
40 4704
41 1190
42 3364
43 6823
44 407
45 2499
46 2651
47 4912
48 7102
49 3593
50 6349
51 1124
52 6648
53 4044
54 1417
55 5587
56 1964
57 2761
58 5946
59 1986
60 5317
61 2724
62 6022
63 5220
64 4095
65 1436
66 3270
67 4395
68 4471
69 6212
70 6510
71 5811
72 7066
73 929
74 343
75 6896
76 2549
77 2326
78 7006
79 3478
80 2912
81 6770
82 2558
83 1026
84 4776
85 6342
86 5789
87 1813
88 5252
89 971
90 1042
91 5463
92 4120
93 1653
94 559
95 3325
96 6661
97 4335
98 2531
99 95
100 1297
101 4021
102 2340
103 1422
104 5326
105 3692
106 3662
107 5108
108 6002
109 3279
110 2467
111 6131
112 6888
113 198
114 3821
115 342
116 1317
117 587
118 1625
119 724
120 3506
121 5087
122 6983
123 2443
124 1152
125 3618
126 2557
127 1230
128 5200
129 2224
130 3823
131 3114
132 4526
133 5559
134 5562
135 3139
136 4691
137 2769
138 2471
139 6464
140 4
141 6755
142 2113
143 5732
144 6398
145 1539
146 7160
147 1659
148 2879
149 3566
150 1113
151 3117
152 1164
153 2626
154 1151
155 4452
156 3809
157 2647
158 2117
159 5895
160 3735
161 4107
162 6486
163 5643
164 6007
165 2238
166 6208
167 1206
168 5684
169 345
170 2853
171 5366
172 4672
173 627
174 5372
175 1659
176 5139
177 448
178 6236
179 1775
180 2518
181 5304
182 3935
183 956
184 4458
185 4016
186 818
187 3255
188 2450
189 339
190 3978
191 4095
192 2073
193 6090
194 1760
195 823
196 71
197 3745
198 3899
199 6018
200 5422
201 2445
202 194
203 3089
204 640
205 1031
206 4678
207 4561
208 223
209 1095
210 3639
211 2056
212 2452
213 2202
214 5445
215 6519
216 4630
217 6905
218 3076
219 954
220 570
221 1611
222 2125
223 90
224 4590
225 3588
226 416
227 1038
228 3867
229 4931
230 2784
231 2302
232 5457
233 2479
234 3153
235 2786
236 2512
237 247
238 6536
239 2397
240 5950
241 4233
242 6754
243 4507
244 1092
245 4945
246 1490
247 2609
248 3918
249 232
250 5075
251 2663
252 1334
253 3964
254 5660
255 3222
256 57
257 4990
258 1522
259 281
260 5041
261 2178
262 814
263 2655
264 1909
265 1899
266 2118
267 1160
268 649
269 1781
270 3146
271 5558
272 1388
273 4305
274 1444
275 1466
276 7114
277 1093
278 5473
279 749
280 2382
281 3476
282 786
283 6552
284 347
285 2527
286 3421
287 1266
288 6144
289 3501
290 211
291 644
292 6978
293 434
294 6764
295 3751
296 3959
297 2713
298 6012
299 5055
300 3356
301 581
302 3808
303 2174
304 6529
305 6482
306 6555
307 5451
308 5489
309 6286
310 3429
311 2316
312 6202
313 1705
314 6771
315 3467
316 1195
317 3407
318 534
319 2845
320 6992
321 3859
322 6829
323 5289
324 2704
325 298
326 2614
327 2968
328 2089
329 6793
330 7012
331 4916
332 5794
333 1726
334 2184
335 3148
336 4988
337 1675
338 1593
339 6638
340 832
341 5965
342 2559
343 904
344 823
345 1473
346 536
347 2847
348 7079
349 5716
350 7012
351 5902
352 6963
353 3645
354 5360
355 2130
356 3208
357 2317
358 7137
359 2698
360 5579
361 4498
362 6235
363 3123
364 3971
365 6786
366 6455
367 6523
368 2395
369 4694
370 4911
371 3987
372 3836
373 5170
374 5352
375 5383
376 2905
377 5649
378 4944
379 4437
380 3212
381 4738
382 6597
383 3564
384 1392
385 2080
386 1712
387 684
388 1321
389 6879
390 172
391 3334
392 4142
393 1288
394 3210
395 2304
396 1458
397 6393
398 1553
399 5977
400 1920
401 2292
402 1899
403 344
404 3606
405 4478
406 905
407 5431
408 331
409 5612
410 6773
411 5475
412 1679
413 4308
414 55
415 2510
416 4622
417 187
418 4726
419 22
420 2480
421 5823
422 7157
423 1696
424 5536
425 6759
426 7150
427 2029
428 2147
429 4328
430 2364
431 5962
432 1958
433 1178
434 2063
435 3005
436 6036
437 3981
438 4198
439 474
440 3736
441 2082
442 2105
443 1607
444 6064
445 2115
446 5609
447 6844
448 5504
449 736
450 4463
451 3134
452 2081
453 4306
454 111
455 5320
456 5971
457 1903
458 3093
459 4324
460 548
461 451
462 2656
463 6367
464 7008
465 4771
466 5594
467 4647
468 5306
469 5684
470 5050
471 3616
472 5444
473 555
474 5081
475 5333
476 5835
477 6601
478 6703
479 59
480 293
481 4799
482 2363
483 2835
484 272
485 1086
486 3214
487 6299
488 3151
489 2749
490 4005
491 1875
492 3221
493 7086
494 1586
495 5194
496 7024
497 5766
498 4449
499 3879
500 1902
501 5516
502 4188
503 4707
504 4306
505 1787
506 1174
507 4120
508 7081
509 2678
510 6867
511 2479
512 707
513 5933
514 1430
515 4018
516 977
517 2234
518 1054
519 2634
520 3657
521 989
522 3438
523 2586
524 2150
525 1033
526 6704
527 5407
528 472
529 1783
530 7090
531 1893
532 2266
533 4574
534 82
535 5840
536 6556
537 1768
538 4235
539 3484
540 6838
541 1188
542 1045
543 733
544 1012
545 6551
546 425
547 4505
548 6973
549 6570
550 925
551 1574
552 6563
553 2618
554 3969
555 5388
556 5165
557 5269
558 1169
559 6270
560 855
561 6915
562 6070
563 279
564 6990
565 6398
566 1161
567 3070
568 6269
569 2129
570 1339
571 6596
572 375
573 304
574 1658
575 6476
576 2577
577 3433
578 6035
579 1521
580 4617
581 3984
582 5401
583 830
584 376
585 4788
586 4225
587 2851
588 5862
589 3510
590 296
591 1066
592 4620
593 6431
594 6679
595 2283
596 5824
597 2436
598 716
599 6008
600 608
601 5611
602 4073
603 2654
604 2271
605 1782
606 3717
607 5587
608 3362
609 5209
610 912
611 5291
612 5650
613 5723
614 6632
615 5637
616 1546
617 5414
618 1375
619 2877
620 4117
621 325
622 2567
623 921
624 226
625 6844
626 6906
627 3085
628 6377
629 7136
630 1520
631 188
632 6985
633 4478
634 5609
635 4100
636 502
637 6945
638 1641
639 1914
640 6553
641 3076
642 5755
643 3646
644 147
645 5780
646 5337
647 5333
648 5866
649 1591
650 4007
651 6300
652 1096
653 4417
654 469
655 1540
656 1641
657 6473
658 6508
659 694
660 3184
661 7041
662 6073
663 1162
664 6369
665 2211
666 3595
667 1819
668 1635
669 5815
670 4508
671 4662
672 3877
673 3395
674 5243
675 6983
676 3811
677 5553
678 1514
679 6729
680 4575
681 3284
682 3871
683 5836
684 984
685 74
686 953
687 4305
688 3829
689 6219
690 6974
691 1640
692 2752
693 616
694 2488
695 5433
696 6852
697 6216
698 2004
699 7118
700 1508
701 2736
702 6739
703 237
704 1883
705 2635
706 2256
707 5600
708 2909
709 4764
710 163
711 3126
712 4069
713 658
714 854
715 1063
716 6869
717 727
718 4701
719 3919
720 6129
721 5635
722 3407
723 1307
724 624
725 5106
726 5937
727 1842
728 683
729 5658
730 3735
731 1859
732 1725
733 5239
734 1130
735 5513
736 5492
737 5974
738 3322
739 3881
740 2269
741 4229
742 4881
743 276
744 7166
745 1857
746 5659
747 2523
748 3776
749 6755
750 701
751 1915
752 1717
753 2901
754 630
755 6002
756 3896
757 7148
758 3017
759 3547
760 3022
761 3526
762 2098
763 543
764 4011
765 5753
766 4278
767 178
768 5664
769 580
770 541
771 1251
772 4356
773 4423
774 5976
775 1846
776 5372
777 3372
778 4701
779 5920
780 1197
781 6837
782 5024
783 6621
784 765
785 3460
786 6795
787 3932
788 709
789 2839
790 3438
791 666
792 1824
793 728
794 5984
795 1991
796 5158
797 6749
798 2931
799 1412
800 4446
801 5382
802 7030
803 3804
804 640
805 3159
806 5242
807 3588
808 225
809 2101
810 2067
811 5824
812 3668
813 1101
814 6986
815 5858
816 869
817 2031
818 6715
819 5045
820 7150
821 6939
822 1375
823 6249
824 2897
825 2717
826 7133
827 5436
828 2562
829 324
830 3304
831 505
832 2044
833 677
834 6431
835 5400
836 4317
837 4380
838 1412
839 2529
840 18
841 3107
842 1247
843 6782
844 6990
845 1535
846 365
847 3753
848 6948
849 3562
850 6627
851 2618
852 2781
853 5510
854 4181
855 1483
856 2836
857 5377
858 6244
859 2437
860 6892
861 3416
862 4063
863 5184
864 1601
865 6301
866 103
867 3578
868 1109
869 1121
870 5459
871 6299
872 6623
873 3146
874 6637
875 1641
876 1270
877 2128
878 907
879 2880
880 2475
881 4519
882 6416
883 2462
884 1373
885 2194
886 528
887 541
888 4717
889 2272
890 2221
891 1722
892 6404
893 4892
894 4199
895 5860
896 5295
897 586
898 4726
899 688
900 5126
901 6361
902 3106
903 4665
904 1877
905 5230
906 5845
907 3172
908 3653
909 6011
910 2890
911 4550
912 4406
913 6395
914 597
915 6317
916 7135
917 179
918 1955
919 3815
920 5053
921 815
922 5661
923 4905
924 6228
925 1219
926 1130
927 6479
928 4251
929 455
930 4933
931 5141
932 6472
933 1019
934 323
935 6201
936 4218
937 5118
938 4514
939 34
940 3000
941 3870
942 422
943 4890
944 3159
945 903
946 2339
947 3996
948 764
949 6931
950 146
951 1417
952 3024
953 5941
954 828
955 930
956 3119
957 288
958 1336
959 1113
960 6071
961 1700
962 3566
963 7140
964 4351
965 1772
966 5040
967 5373
968 2928
969 4506
970 4534
971 6436
972 2944
973 3844
974 875
975 5133
976 3500
977 6884
978 3982
979 4281
980 164
981 744
982 5936
983 5883
984 3060
985 6982
986 1744
987 439
988 2357
989 5635
990 572
991 1980
992 2092
993 6622
994 6527
995 5614
996 3821
997 6456
998 705
999 4139
1000 7064
1001 1642
1002 1850
1003 4945
1004 4030
1005 4000
1006 7141
1007 2019
1008 4239
1009 5535
1010 1634
1011 1533
1012 2238
1013 5249
1014 1
1015 3374
1016 2570
1017 344
1018 7121
1019 1546
1020 6345
1021 2543
1022 2328
1023 7167
1024 2861
1025 876
1026 6941
1027 4826
1028 2099
1029 409
1030 5288
1031 1780
1032 2319
1033 6117
1034 4560
1035 5394
1036 6989
1037 1944
1038 7084
1039 1995
1040 3893
1041 7006
1042 3020
1043 4157
1044 3960
1045 5581
1046 3347
1047 1413
1048 1559
1049 3046
1050 6906
1051 5509
1052 5578
1053 2981
1054 6224
1055 378
1056 973
1057 5266
1058 6164
1059 3982
1060 734
1061 5378
1062 6257
1063 6759
1064 5578
1065 958
1066 537
1067 5052
1068 215
1069 103
1070 6808
1071 6149
1072 4016
1073 2861
1074 3078
1075 1524
1076 111
1077 2319
1078 1792
1079 5003
1080 3856
1081 6666
1082 6144
1083 4949
1084 942
1085 1587
1086 5318
1087 4213
1088 6858
1089 6177
1090 3607
1091 2770
1092 6011
1093 7132
1094 494
1095 6527
1096 19
1097 516
1098 6805
1099 4907
1100 1876
1101 6357
1102 395
1103 2919
1104 6902
1105 3418
1106 5192
1107 5474
1108 4053
1109 7099
1110 931
1111 542
1112 2510
1113 6449
1114 5535
1115 4707
1116 5327
1117 5097
1118 3836
1119 857
1120 3346
1121 2557
1122 1959
1123 1994
1124 2361
1125 1737
1126 4724
1127 2326
1128 1020
1129 1979
1130 5148
1131 1755
1132 6547
1133 2309
1134 1608
1135 3775
1136 5338
1137 6639
1138 4878
1139 1884
1140 756
1141 3389
1142 2734
1143 1790
1144 12
1145 2696
1146 1160
1147 3233
1148 3632
1149 4280
1150 1975
1151 1178
1152 3658
1153 4328
1154 2786
1155 6530
1156 6489
1157 5811
1158 4043
1159 5501
1160 1542
1161 1253
1162 5088
1163 6832
1164 4337
1165 1143
1166 6751
1167 898
1168 3319
1169 6744
1170 3527
1171 6828
1172 48
1173 2141
1174 1190
1175 5045
1176 5004
1177 482
1178 4051
1179 2426
1180 3889
1181 594
1182 5175
1183 3238
1184 2281
1185 1106
1186 6959
1187 5689
1188 3506
1189 5353
1190 6754
1191 271
1192 4593
1193 6846
1194 4209
1195 5703
1196 5790
1197 2348
1198 747
1199 2466
1200 2179
1201 2195
1202 3389
1203 3628
1204 2959
1205 2926
1206 3179
1207 518
1208 1841
1209 6991
1210 226
1211 4682
1212 6175
1213 4990
1214 6555
1215 512
1216 4451
1217 6650
1218 5880
1219 3424
1220 20
1221 4217
1222 4095
1223 6866
1224 5278
1225 5638
1226 4466
1227 7142
1228 910
1229 3520
1230 5514
1231 752
1232 3606
1233 6432
1234 4418
1235 5192
1236 4371
1237 6193
1238 5426
1239 885
1240 1331
1241 1566
1242 2456
1243 5350
1244 6808
1245 1640
1246 2210
1247 6608
1248 6585
1249 785
1250 5137
1251 258
1252 5442
1253 63
1254 3156
1255 163
1256 7087
1257 6535
1258 4291
1259 4062
1260 6173
1261 6450
1262 4470
1263 197
1264 3036
1265 5376
1266 3466
1267 5417
1268 1296
1269 1080
1270 4209
1271 6412
1272 3765
1273 3476
1274 2017
1275 4248
1276 2877
1277 292
1278 6822
1279 3772
1280 5181
1281 2964
1282 4802
1283 5145
1284 1142
1285 6584
1286 6111
1287 1958
1288 894
1289 3193
1290 4472
1291 3910
1292 5077
1293 803
1294 4648
1295 5691
1296 915
1297 3618
1298 2867
1299 5046
1300 4395
1301 2304
1302 4799
1303 6421
1304 4675
1305 1971
1306 3108
1307 2244
1308 2611
1309 6624
1310 6187
1311 3908
1312 5363
1313 510
1314 1614
1315 3005
1316 5414
1317 7098
1318 159
1319 3835
1320 3484
1321 4584
1322 3878
1323 3717
1324 7069
1325 4275
1326 4415
1327 737
1328 1836
1329 6505
1330 6363
1331 788
1332 4096
1333 2798
1334 2695
1335 2632
1336 4596
1337 3892
1338 246
1339 5498
1340 4264
1341 940
1342 6384
1343 922
1344 2829
1345 126
1346 1168
1347 851
1348 2269
1349 3587
1350 6570
1351 2012
1352 631
1353 5999
1354 1118
1355 5829
1356 2728
1357 635
1358 4314
1359 1103
1360 3064
1361 6086
1362 3793
1363 2493
1364 4190
1365 3781
1366 5918
1367 4230
1368 2014
1369 447
1370 2680
1371 6967
1372 6936
1373 6492
1374 225
1375 6939
1376 579
1377 3183
1378 698
1379 860
1380 6977
1381 4553
1382 875
1383 7159
1384 5974
1385 6202
1386 5951
1387 1947
1388 6229
1389 5827
1390 973
1391 1800
1392 347
1393 4691
1394 4376
1395 1904
1396 4385
1397 1300
1398 1252
1399 1096
1400 3958
1401 15
1402 3965
1403 2241
1404 2268
1405 5967
1406 5790
1407 756
1408 2184
1409 5656
1410 5180
1411 7033
1412 450
1413 5941
1414 1613
1415 2547
1416 5247
1417 2709
1418 4107
1419 6937
1420 1568
1421 4227
1422 3380
1423 3184
1424 3474
1425 3274
1426 126
1427 6117
1428 7002
1429 3240
1430 6203
1431 2222
1432 5184
1433 2956
1434 5282
1435 467
1436 5792
1437 4752
1438 2192
1439 6303
1440 1467
1441 2569
1442 1567
1443 4043
1444 3006
1445 3798
1446 4723
1447 5982
1448 7061
1449 1593
1450 6449
1451 1998
1452 6067
1453 419
1454 3920
1455 6741
1456 1029
1457 6708
1458 5259
1459 833
1460 2673
1461 6447
1462 3297
1463 1588
1464 4256
1465 3551
1466 2016
1467 4539
1468 1860
1469 4045
1470 6198
1471 4975
1472 3679
1473 5096
1474 6325
1475 4504
1476 4358
1477 6471
1478 260
1479 4447
1480 599
1481 1621
1482 480
1483 3126
1484 4554
1485 5554
1486 2941
1487 3715
1488 3660
1489 3805
1490 2259
1491 1766
1492 1318
1493 1897
1494 4750
1495 4790
1496 137
1497 275
1498 2377
1499 1913
1500 5729
1501 2094
1502 5556
1503 6579
1504 4951
1505 5059
1506 13
1507 2751
1508 3315
1509 2065
1510 5257
1511 89
1512 3339
1513 2257
1514 478
1515 3539
1516 2133
1517 3064
1518 2992
1519 6511
1520 3294
1521 150
1522 3811
1523 1527
1524 3104
1525 103
1526 6702
1527 1687
1528 2497
1529 2649
1530 3363
1531 1812
1532 1274
1533 393
1534 7035
1535 5241
1536 4823
1537 4534
1538 7049
1539 6057
1540 4293
1541 4149
1542 3758
1543 1211
1544 3698
1545 2689
1546 4534
1547 3015
1548 157
1549 4577
1550 1001
1551 851
1552 3203
1553 5209
1554 1515
1555 6429
1556 3855
1557 1920
1558 3309
1559 6012
1560 6710
1561 3873
1562 5938
1563 2931
1564 6663
1565 2705
1566 5408
1567 3413
1568 2393
1569 1148
1570 1938
1571 987
1572 6925
1573 1629
1574 6623
1575 454
1576 2889
1577 2912
1578 3445
1579 5578
1580 36
1581 3849
1582 6770
1583 244
1584 4865
1585 5416
1586 4376
1587 4778
1588 1824
1589 5153
1590 4638
1591 517
1592 4381
1593 89
1594 1790
1595 6351
1596 5510
1597 2875
1598 1966
1599 5791
1600 5236
1601 1157
1602 905
1603 7080
1604 3425
1605 5622
1606 2031
1607 6351
1608 5297
1609 3460
1610 4558
1611 4419
1612 6055
1613 2325
1614 6147
1615 2061
1616 3711
1617 1456
1618 55
1619 40
1620 3599
1621 5647
1622 3678
1623 5171
1624 5871
1625 4672
1626 5147
1627 6489
1628 150
1629 2570
1630 291
1631 2979
1632 947
1633 6198
1634 708
1635 390
1636 1149
1637 651
1638 5200
1639 4656
1640 7129
1641 2487
1642 3969
1643 2506
1644 1379
1645 5689
1646 6469
1647 1765
1648 3006
1649 5460
1650 6422
1651 5357
1652 4993
1653 3936
1654 4767
1655 767
1656 5562
1657 7023
1658 2700
1659 818
1660 6844
1661 5229
1662 3476
1663 4122
1664 329
1665 4885
1666 6138
1667 512
1668 5460
1669 1638
1670 2069
1671 3728
1672 7176
1673 3047
1674 1505
1675 6669
1676 6311
1677 4732
1678 5565
1679 6362
1680 6045
1681 3484
1682 6173
1683 6650
1684 3224
1685 1677
1686 400
1687 1698
1688 6463
1689 4824
1690 617
1691 335
1692 6788
1693 6346
1694 905
1695 1280
1696 6701
1697 3994
1698 5646
1699 5275
1700 4014
1701 5802
1702 6486
1703 1168
1704 3521
1705 490
1706 1948
1707 5267
1708 4829
1709 4998
1710 2890
1711 4584
1712 1701
1713 754
1714 4546
1715 2139
1716 4678
1717 3720
1718 6602
1719 5925
1720 2578
1721 2783
1722 351
1723 1527
1724 604
1725 5319
1726 2800
1727 2711
1728 2118
1729 2687
1730 6367
1731 2107
1732 6957
1733 1671
1734 806
1735 6896
1736 601
1737 5585
1738 1182
1739 5463
1740 4155
1741 3286
1742 6936
1743 2714
1744 6500
1745 427
1746 3890
1747 5803
1748 5017
1749 4239
1750 5652
1751 2368
1752 3222
1753 5860
1754 852
1755 4945
1756 6056
1757 1288
1758 5027
1759 2676
1760 1537
1761 115
1762 5366
1763 4839
1764 2155
1765 2138
1766 4385
1767 4663
1768 6638
1769 5410
1770 4806
1771 4683
1772 5472
1773 5825
1774 3449
1775 6095
1776 5975
1777 1083
1778 5599
1779 3058
1780 5960
1781 4463
1782 6903
1783 947
1784 4935
1785 6618
1786 5936
1787 5693
1788 4846
1789 1778
1790 5521
1791 1141
1792 5298
1793 3095
1794 7163
1795 6689
1796 6081
1797 5191
1798 455
1799 3750
1800 805
1801 934
1802 3046
1803 2418
1804 4533
1805 340
1806 4004
1807 3362
1808 6567
1809 1273
1810 6782
1811 1024
1812 5776
1813 1624
1814 1779
1815 199
1816 1085
1817 4983
1818 499
1819 4352
1820 4622
1821 4132
1822 1173
1823 1180
1824 6501
1825 1473
1826 856
1827 2482
1828 4384
1829 3497
1830 5195
1831 7179
1832 3616
1833 6356
1834 6704
1835 1688
1836 815
1837 3155
1838 538
1839 401
1840 1677
1841 1931
1842 4702
1843 4050
1844 4351
1845 2977
1846 6297
1847 741
1848 5607
1849 5792
1850 5952
1851 4241
1852 276
1853 6626
1854 1573
1855 3594
1856 6590
1857 3903
1858 3443
1859 6657
1860 1243
1861 2597
1862 5353
1863 1680
1864 6154
1865 176
1866 1612
1867 5006
1868 2263
1869 7145
1870 3927
1871 3265
1872 6334
1873 2020
1874 1047
1875 5901
1876 5121
1877 600
1878 1272
1879 2651
1880 4541
1881 589
1882 3033
1883 6443
1884 4355
1885 3805
1886 3319
1887 6852
1888 5802
1889 4991
1890 4945
1891 3540
1892 6089
1893 4870
1894 1911
1895 5368
1896 2449
1897 1562
1898 5969
1899 1283
1900 5371
1901 6808
1902 1617
1903 2934
1904 5400
1905 5995
1906 4641
1907 4500
1908 3303
1909 5852
1910 4130
1911 5496
1912 7124
1913 5883
1914 1207
1915 2011
1916 6704
1917 541
1918 6398
1919 5516
1920 6343
1921 970
1922 377
1923 5974
1924 1774
1925 804
1926 3653
1927 4906
1928 5832
1929 3714
1930 2472
1931 4562
1932 6863
1933 43
1934 6576
1935 2674
1936 3452
1937 2893
1938 7160
1939 7080
1940 4246
1941 4775
1942 5758
1943 7098
1944 4339
1945 2766
1946 1838
1947 864
1948 3632
1949 1693
1950 4225
1951 3023
1952 3450
1953 914
1954 3038
1955 4616
1956 2464
1957 4803
1958 980
1959 282
1960 1575
1961 3773
1962 2466
1963 680
1964 1828
1965 1448
1966 3062
1967 1221
1968 5947
1969 5990
1970 1051
1971 1085
1972 6448
1973 60
1974 6334
1975 6788
1976 599
1977 5483
1978 2675
1979 3814
1980 2419
1981 2875
1982 4372
1983 6104
1984 468
1985 4651
1986 318
1987 4917
1988 4174
1989 7158
1990 4373
1991 1774
1992 1089
1993 1661
1994 2138
1995 3057
1996 5803
1997 2176
1998 464
1999 2420
2000 391
2001 6465
2002 2028
2003 3804
2004 1267
2005 2374
2006 6777
2007 2387
2008 5259
2009 170
2010 2831
2011 3092
2012 4877
2013 878
2014 3601
2015 3451
2016 5379
2017 435
2018 4496
2019 1916
2020 1261
2021 3099
2022 1213
2023 5128
2024 937
2025 55
2026 2281
2027 7107
2028 6203
2029 422
2030 4111
2031 6219
2032 4228
2033 3719
2034 6587
2035 4717
2036 4647
2037 634
2038 3462
2039 6897
2040 5952
2041 748
2042 2297
2043 4177
2044 6774
2045 5020
2046 6605
2047 2138
2048 2534
2049 3267
2050 945
2051 6109
2052 4638
2053 2006
2054 3750
2055 6471
2056 478
2057 2004
2058 3435
2059 4504
2060 5634
2061 3365
2062 42
2063 4536
2064 4200
2065 443
2066 1705
2067 4180
2068 4956
2069 539
2070 3514
2071 729
2072 3549
2073 520
2074 3942
2075 6470
2076 5688
2077 29
2078 552
2079 3141
2080 918
2081 5121
2082 4873
2083 261
2084 4835
2085 4982
2086 4277
2087 3592
2088 5105
2089 3669
2090 4647
2091 5027
2092 3634
2093 4857
2094 2829
2095 2113
2096 4039
2097 293
2098 3765
2099 1950
2100 7074
2101 3088
2102 1155
2103 4419
2104 3868
2105 6743
2106 229
2107 4620
2108 4107
2109 3143
2110 4240
2111 1556
2112 3345
2113 2899
2114 3893
2115 6829
2116 5053
2117 51
2118 5867
2119 690
2120 3858
2121 1649
2122 5578
2123 5288
2124 7049
2125 5214
2126 4058
2127 4321
2128 2809
2129 1819
2130 4245
2131 6396
2132 2848
2133 3001
2134 5436
2135 4065
2136 4878
2137 5661
2138 3907
2139 3362
2140 504
2141 3404
2142 888
2143 5211
2144 3133
2145 4309
2146 6518
2147 3826
2148 1691
2149 6222
2150 334
2151 3
2152 6993
2153 3942
2154 330
2155 6633
2156 5595
2157 1718
2158 3088
2159 520
2160 539
2161 4269
2162 7133
2163 3505
2164 998
2165 678
2166 3860
2167 6557
2168 4396
2169 1341
2170 3804
2171 4840
2172 2582
2173 5112
2174 603
2175 5423
2176 2467
2177 4202
2178 7116
2179 6476
2180 1169
2181 5032
2182 881
2183 2154
2184 3040
2185 6743
2186 2258
2187 5678
2188 6710
2189 4510
2190 78
2191 4651
2192 574
2193 423
2194 3641
2195 3711
2196 2389
2197 7069
2198 4642
2199 3995
2200 6592
2201 5124
2202 3787
2203 1366
2204 4132
2205 1443
2206 750
2207 1792
2208 6190
2209 2360
2210 6642
2211 636
2212 482
2213 3364
2214 1422
2215 4526
2216 2279
2217 3456
2218 5451
2219 6220
2220 5033
2221 4929
2222 6986
2223 5368
2224 1302
2225 3804
2226 1616
2227 3386
2228 1950
2229 477
2230 6872
2231 2396
2232 894
2233 1303
2234 2147
2235 2107
2236 5976
2237 2588
2238 1913
2239 6908
2240 5330
2241 3714
2242 6553
2243 1064
2244 6575
2245 1039
2246 4770
2247 3874
2248 5380
2249 6118
2250 3590
2251 435
2252 3706
2253 6456
2254 2679
2255 3630
2256 841
2257 614
2258 3110
2259 2249
2260 2212
2261 6856
2262 2796
2263 3376
2264 6442
2265 3845
2266 764
2267 3425
2268 6052
2269 4870
2270 1624
2271 4955
2272 5250
2273 3414
2274 1510
2275 6434
2276 3673
2277 3609
2278 2437
2279 5302
2280 6186
2281 552
2282 3243
2283 3555
2284 6877
2285 1093
2286 814
2287 6187
2288 5718
2289 4721
2290 3179
2291 234
2292 5457
2293 1001
2294 4067
2295 6122
2296 2722
2297 1543
2298 5297
2299 6399
2300 1259
2301 6204
2302 6184
2303 2114
2304 4960
2305 6919
2306 103
2307 1282
2308 1605
2309 4282
2310 2437
2311 5450
2312 6852
2313 6609
2314 5865
2315 1259
2316 567
2317 1823
2318 4326
2319 1760
2320 5184
2321 4348
2322 1256
2323 4262
2324 1381
2325 6335
2326 5941
2327 654
2328 3017
2329 170
2330 2874
2331 519
2332 6368
2333 6593
2334 3516
2335 3685
2336 624
2337 4720
2338 496
2339 3839
2340 6243
2341 1863
2342 5619
2343 6026
2344 1119
2345 2273
2346 3383
2347 3341
2348 6460
2349 2635
2350 2654
2351 4773
2352 1419
2353 6285
2354 5674
2355 1383
2356 437
2357 4337
2358 1191
2359 3848
2360 2922
2361 4335
2362 5470
2363 3269
2364 3358
2365 6018
2366 6786
2367 6305
2368 4165
2369 747
2370 194
2371 4553
2372 3311
2373 580
2374 6357
2375 3720
2376 4596
2377 3324
2378 3986
2379 4319
2380 6707
2381 511
2382 2554
2383 6992
2384 1447
2385 2185
2386 5520
2387 71
2388 1755
2389 2398
2390 2098
2391 4630
2392 7002
2393 4591
2394 5414
2395 6506
2396 5142
2397 597
2398 6533
2399 5978
2400 2248
2401 4875
2402 4782
2403 3152
2404 598
2405 5878
2406 804
2407 2707
2408 2424
2409 3266
2410 1472
2411 4715
2412 7177
2413 6582
2414 3
2415 4814
2416 6230
2417 5590
2418 1782
2419 2494
2420 2405
2421 2022
2422 793
2423 4154
2424 6266
2425 2985
2426 2648
2427 2396
2428 6397
2429 2072
2430 5803
2431 4699
2432 5981
2433 300
2434 2119
2435 1094
2436 3619
2437 4991
2438 5777
2439 5533
2440 5258
2441 5393
2442 2646
2443 5825
2444 2209
2445 5104
2446 1858
2447 4448
2448 6379
2449 3498
2450 260
2451 5074
2452 4273
2453 1312
2454 109
2455 3646
2456 6573
2457 537
2458 4059
2459 1180
2460 2531
2461 4107
2462 5877
2463 2114
2464 3710
2465 6358
2466 6436
2467 5429
2468 2397
2469 3345
2470 5207
2471 5079
2472 3206
2473 5491
2474 4762
2475 2428
2476 2947
2477 5444
2478 6904
2479 3456
2480 1381
2481 15
2482 5905
2483 3135
2484 4052
2485 6004
2486 221
2487 552
2488 67
2489 4336
2490 3617
2491 6252
2492 860
2493 7065
2494 6534
2495 2159
2496 3705
2497 1435
2498 6671
2499 3551
2500 307
2501 1414
2502 581
2503 5526
2504 6938
2505 2818
2506 6091
2507 2037
2508 5799
2509 3761
2510 3998
2511 1389
2512 1368
2513 6161
2514 6002
2515 2032
2516 4092
2517 3099
2518 6287
2519 4210
2520 1226
2521 3925
2522 436
2523 6610
2524 4155
2525 5473
2526 2477
2527 350
2528 2076
2529 5879
2530 3142
2531 1113
2532 2857
2533 6128
2534 5500
2535 7168
2536 4746
2537 392
2538 1864
2539 1491
2540 5665
2541 295
2542 2365
2543 5211
2544 3459
2545 937
2546 2859
2547 3850
2548 2958
2549 5623
2550 4901
2551 6220
2552 7110
2553 6267
2554 5128
2555 1135
2556 1328
2557 5003
2558 173
2559 1654
2560 3297
2561 2780
2562 4921
2563 1344
2564 6335
2565 5801
2566 1787
2567 6431
2568 5166
2569 6566
2570 1920
2571 2579
2572 6193
2573 6036
2574 1505
2575 3426
2576 3829
2577 4338
2578 2823
2579 7169
2580 5202
2581 105
2582 5878
2583 1435
2584 2120
2585 2197
2586 3868
2587 4748
2588 1382
2589 4911
2590 783
2591 6358
2592 5783
2593 2730
2594 3213
2595 1173
2596 849
2597 4717
2598 2246
2599 6360
2600 2168
2601 5688
2602 2537
2603 5913
2604 4267
2605 575
2606 1970
2607 93
2608 5128
2609 1436
2610 4503
2611 4702
2612 6073
2613 1663
2614 2286
2615 3929
2616 1577
2617 5987
2618 5098
2619 6585
2620 2301
2621 308
2622 4169
2623 6504
2624 1686
2625 5515
2626 3864
2627 5106
2628 5917
2629 2093
2630 698
2631 1643
2632 1176
2633 2213
2634 3565
2635 4127
2636 616
2637 13
2638 262
2639 581
2640 3949
2641 439
2642 2676
2643 4266
2644 4432
2645 4723
2646 3116
2647 5891
2648 5053
2649 4915
2650 2724
2651 3716
2652 3041
2653 2052
2654 1883
2655 5143
2656 6009
2657 26
2658 3408
2659 3135
2660 6479
2661 3475
2662 5831
2663 4362
2664 6906
2665 2902
2666 6202
2667 1459
2668 4297
2669 5447
2670 5931
2671 338
2672 5845
2673 1437
2674 4967
2675 1109
2676 3647
2677 2013
2678 2657
2679 2786
2680 6559
2681 2779
2682 2876
2683 550
2684 4879
2685 6218
2686 2825
2687 4298
2688 4623
2689 466
2690 4804
2691 3084
2692 5154
2693 2010
2694 3847
2695 3707
2696 6097
2697 1674
2698 262
2699 4248
2700 2748
2701 1092
2702 5972
2703 5832
2704 2572
2705 5109
2706 3013
2707 3056
2708 5811
2709 3256
2710 3427
2711 640
2712 664
2713 2882
2714 3228
2715 5757
2716 1593
2717 2697
2718 1162
2719 4454
2720 3030
2721 1293
2722 6301
2723 5853
2724 7110
2725 6489
2726 7116
2727 446
2728 2926
2729 3861
2730 6057
2731 4045
2732 586
2733 2652
2734 2470
2735 6840
2736 3109
2737 2236
2738 276
2739 5405
2740 3751
2741 960
2742 880
2743 3619
2744 4541
2745 2626
2746 1397
2747 2959
2748 5609
2749 24
2750 922
2751 3580
2752 3882
2753 582
2754 5470
2755 5595
2756 191
2757 50
2758 792
2759 1815
2760 6689
2761 5438
2762 1955
2763 3340
2764 6878
2765 1314
2766 6992
2767 5227
2768 2256
2769 2823
2770 6142
2771 2449
2772 852
2773 3096
2774 2260
2775 5814
2776 3351
2777 1564
2778 6266
2779 3366
2780 2532
2781 406
2782 6959
2783 6353
2784 5097
2785 5476
2786 4452
2787 928
2788 2758
2789 6792
2790 2030
2791 967
2792 1093
2793 6887
2794 5756
2795 4022
2796 2105
2797 1192
2798 2519
2799 5642
2800 1632
2801 5536
2802 1530
2803 1562
2804 2647
2805 4439
2806 2925
2807 3439
2808 3751
2809 2620
2810 5548
2811 6123
2812 1625
2813 375
2814 6967
2815 7072
2816 2307
2817 3975
2818 3948
2819 6732
2820 6663
2821 6494
2822 2079
2823 2844
2824 2920
2825 6004
2826 1784
2827 4065
2828 3942
2829 5073
2830 5583
2831 924
2832 5333
2833 3534
2834 2939
2835 3793
2836 6421
2837 5968
2838 3702
2839 1662
2840 4599
2841 5489
2842 3139
2843 4389
2844 4517
2845 4303
2846 7092
2847 861
2848 1823
2849 6924
2850 2476
2851 218
2852 580
2853 4854
2854 209
2855 2974
2856 4229
2857 1911
2858 4101
2859 1978
2860 4883
2861 3569
2862 1683
2863 1412
2864 4039
2865 6086
2866 6317
2867 6376
2868 3366
2869 3644
2870 5871
2871 458
2872 465
2873 1297
2874 1355
2875 6386
2876 4445
2877 6158
2878 5122
2879 6606
2880 653
2881 4209
2882 4687
2883 3589
2884 3126
2885 2229
2886 4923
2887 7101
2888 61
2889 4322
2890 1961
2891 5172
2892 1735
2893 6501
2894 2349
2895 5430
2896 1530
2897 4694
2898 3266
2899 7053
2900 7011
2901 1653
2902 3908
2903 65
2904 1344
2905 5715
2906 3124
2907 2680
2908 4505
2909 6031
2910 6224
2911 5828
2912 4995
2913 1285
2914 2864
2915 444
2916 1301
2917 978
2918 3363
2919 2979
2920 1914
2921 206
2922 336
2923 2452
2924 6412
2925 4268
2926 6846
2927 2852
2928 2642
2929 814
2930 3842
2931 3966
2932 1239
2933 40
2934 3851
2935 5505
2936 5884
2937 3743
2938 4786
2939 5073
2940 5679
2941 2004
2942 4985
2943 4327
2944 3426
2945 3972
2946 2008
2947 989
2948 2324
2949 3708
2950 2933
2951 5711
2952 3824
2953 1070
2954 2885
2955 1556
2956 1296
2957 6332
2958 5023
2959 3102
2960 4968
2961 595
2962 1280
2963 895
2964 1061
2965 201
2966 1879
2967 5797
2968 2861
2969 2227
2970 4686
2971 4368
2972 866
2973 6975
2974 6799
2975 2137
2976 1629
2977 952
2978 192
2979 6211
2980 6282
2981 4915
2982 1056
2983 2634
2984 3889
2985 7013
2986 4655
2987 2392
2988 5384
2989 529
2990 476
2991 5452
2992 1652
2993 1635
2994 3142
2995 4622
2996 6373
2997 506
2998 3821
2999 2377
3000 2317
3001 5828
3002 3553
3003 6570
3004 2974
3005 4052
3006 2886
3007 4577
3008 155
3009 2968
3010 6674
3011 2628
3012 3986
3013 941
3014 1790
3015 5607
3016 103
3017 3349
3018 552
3019 5754
3020 7063
3021 2382
3022 745
3023 5430
3024 1736
3025 4583
3026 4100
3027 855
3028 3378
3029 3320
3030 6367
3031 6660
3032 4331
3033 4578
3034 795
3035 1961
3036 978
3037 4931
3038 6522
3039 2959
3040 6925
3041 2335
3042 3389
3043 970
3044 2073
3045 784
3046 2990
3047 5442
3048 5415
3049 5011
3050 3018
3051 1984
3052 339
3053 4333
3054 4259
3055 1507
3056 2435
3057 5916
3058 2153
3059 6548
3060 7155
3061 2132
3062 5712
3063 1768
3064 6221
3065 2641
3066 2845
3067 4024
3068 5274
3069 4166
3070 1557
3071 5190
3072 4630
3073 3794
3074 5030
3075 3767
3076 4796
3077 4668
3078 2552
3079 6404
3080 4097
3081 1329
3082 6966
3083 1636
3084 1489
3085 3196
3086 2966
3087 3597
3088 7024
3089 1095
3090 6690
3091 5084
3092 5931
3093 4841
3094 2404
3095 1515
3096 2206
3097 994
3098 3466
3099 4547
3100 1922
3101 6408
3102 1932
3103 5808
3104 2910
3105 5792
3106 3388
3107 693
3108 2445
3109 2280
3110 4444
3111 5028
3112 4319
3113 5824
3114 6352
3115 5791
3116 6653
3117 5321
3118 7069
3119 3383
3120 282
3121 4853
3122 3115
3123 5816
3124 1994
3125 4024
3126 6469
3127 5095
3128 5378
3129 3838
3130 2621
3131 1834
3132 5142
3133 1865
3134 5722
3135 1745
3136 2231
3137 1911
3138 5619
3139 3369
3140 2009
3141 5058
3142 827
3143 11
3144 5146
3145 3754
3146 2003
3147 3923
3148 2839
3149 6352
3150 1351
3151 4423
3152 3769
3153 5706
3154 2045
3155 5230
3156 1626
3157 5102
3158 4334
3159 2423
3160 6000
3161 450
3162 3350
3163 131
3164 4779
3165 5930
3166 6782
3167 7006
3168 3015
3169 4108
3170 5554
3171 7113
3172 4180
3173 4947
3174 4775
3175 5376
3176 4031
3177 4873
3178 3138
3179 3150
3180 4791
3181 5872
3182 4875
3183 5816
3184 2833
3185 833
3186 4024
3187 2235
3188 5801
3189 5756
3190 5001
3191 1975
3192 3389
3193 1496
3194 4057
3195 4034
3196 949
3197 5628
3198 4945
3199 1294
3200 6130
3201 6006
3202 393
3203 4460
3204 4433
3205 1040
3206 1952
3207 282
3208 4864
3209 3591
3210 3568
3211 5683
3212 593
3213 6883
3214 1637
3215 4892
3216 4886
3217 957
3218 2836
3219 5274
3220 6278
3221 4836
3222 4296
3223 6404
3224 755
3225 2523
3226 1590
3227 6367
3228 1831
3229 4546
3230 4471
3231 2257
3232 504
3233 1841
3234 5957
3235 2643
3236 4529
3237 6047
3238 6618
3239 3486
3240 14
3241 154
3242 2433
3243 3460
3244 1396
3245 7175
3246 1973
3247 6447
3248 167
3249 2933
3250 1302
3251 2652
3252 6018
3253 1333
3254 6512
3255 1088
3256 1554
3257 3056
3258 3882
3259 787
3260 5545
3261 881
3262 667
3263 2257
3264 4980
3265 3920
3266 5539
3267 2276
3268 6315
3269 6701
3270 1816
3271 3130
3272 4729
3273 480
3274 1147
3275 6941
3276 1884
3277 2538
3278 4046
3279 2013
3280 2716
3281 532
3282 5333
3283 3581
3284 6328
3285 1944
3286 5859
3287 1866
3288 800
3289 5632
3290 5640
3291 1134
3292 7150
3293 1020
3294 4243
3295 6080
3296 1616
3297 1777
3298 1707
3299 5171
3300 4477
3301 1428
3302 6658
3303 5419
3304 6327
3305 2168
3306 647
3307 2739
3308 5379
3309 1467
3310 257
3311 5709
3312 4849
3313 5206
3314 5286
3315 3918
3316 3382
3317 4093
3318 3615
3319 3028
3320 153
3321 5286
3322 5418
3323 2181
3324 3326
3325 5220
3326 1613
3327 4527
3328 3472
3329 5082
3330 4451
3331 2484
3332 896
3333 4570
3334 4114
3335 6484
3336 246
3337 6962
3338 5930
3339 5480
3340 1399
3341 567
3342 6493
3343 592
3344 5928
3345 3132
3346 3652
3347 4554
3348 6199
3349 4216
3350 6989
3351 590
3352 4220
3353 2425
3354 5690
3355 772
3356 638
3357 1621
3358 3973
3359 6564
3360 1380
3361 1037
3362 6480
3363 1967
3364 356
3365 2375
3366 1037
3367 2178
3368 6968
3369 2378
3370 389
3371 6778
3372 4986
3373 1484
3374 512
3375 792
3376 3271
3377 2575
3378 471
3379 6560
3380 2046
3381 3883
3382 2217
3383 357
3384 2082
3385 1123
3386 5012
3387 5602
3388 1763
3389 6463
3390 4345
3391 1287
3392 5947
3393 6862
3394 3026
3395 7144
3396 1494
3397 4034
3398 5455
3399 4538
3400 2254
3401 236
3402 4703
3403 3838
3404 5041
3405 1050
3406 5036
3407 1029
3408 3196
3409 6969
3410 2191
3411 5162
3412 550
3413 3630
3414 2731
3415 3091
3416 3093
3417 5312
3418 1648
3419 2882
3420 1952
3421 3837
3422 1900
3423 133
3424 1150
3425 1996
3426 4004
3427 6835
3428 957
3429 1882
3430 7004
3431 3539
3432 4361
3433 18
3434 723
3435 2580
3436 6197
3437 5204
3438 7078
3439 3942
3440 1405
3441 3456
3442 3236
3443 1799
3444 3842
3445 4634
3446 3931
3447 4300
3448 5593
3449 4721
3450 6845
3451 1894
3452 2604
3453 5441
3454 7108
3455 5948
3456 6579
3457 253
3458 173
3459 1941
3460 1808
3461 1870
3462 64
3463 856
3464 5323
3465 2621
3466 6275
3467 3651
3468 3477
3469 4951
3470 6835
3471 6921
3472 1069
3473 5388
3474 2032
3475 3756
3476 1192
3477 41
3478 6627
3479 6464
3480 2505
3481 5128
3482 4883
3483 1216
3484 3629
3485 6620
3486 5948
3487 5631
3488 3050
3489 4278
3490 2170
3491 4951
3492 4023
3493 776
3494 5260
3495 6209
3496 7126
3497 3143
3498 1250
3499 2550
3500 3296
3501 4889
3502 3136
3503 4683
3504 3109
3505 2978
3506 667
3507 5848
3508 6051
3509 2017
3510 4396
3511 1645
3512 2418
3513 2368
3514 4143
3515 3639
3516 3063
3517 6733
3518 1675
3519 257
3520 1283
3521 6094
3522 5104
3523 6669
3524 158
3525 4698
3526 191
3527 1459
3528 5318
3529 274
3530 5516
3531 2836
3532 2926
3533 7087
3534 2437
3535 4017
3536 867
3537 2147
3538 2773
3539 289
3540 6176
3541 2105
3542 1375
3543 2514
3544 5023
3545 7147
3546 4188
3547 3137
3548 3595
3549 1953
3550 4745
3551 6842
3552 5393
3553 4924
3554 5189
3555 2349
3556 3223
3557 3266
3558 284
3559 2150
3560 2164
3561 2555
3562 4559
3563 422
3564 3471
3565 7051
3566 5838
3567 5491
3568 1837
3569 2862
3570 5226
3571 6873
3572 2948
3573 4134
3574 7014
3575 2637
3576 3070
3577 5337
3578 5116
3579 1577
3580 4258
3581 4647
3582 1126
3583 367
3584 3589
3585 3513
3586 5090
3587 3653
3588 4648
3589 6295
3590 2416
3591 2409
3592 5212
3593 3996
3594 5160
3595 7047
3596 5426
3597 5173
3598 3304
3599 3374
3600 2888
3601 279
3602 3801
3603 5420
3604 5279
3605 4126
3606 3486
3607 664
3608 2645
3609 353
3610 4890
3611 7075
3612 1285
3613 4509
3614 205
3615 1541
3616 3989
3617 4937
3618 6152
3619 3083
3620 3989
3621 960
3622 5987
3623 2258
3624 2280
3625 6930
3626 7122
3627 4708
3628 5964
3629 842
3630 1653
3631 1102
3632 3145
3633 6667
3634 5778
3635 5625
3636 5502
3637 1717
3638 5282
3639 535
3640 2521
3641 4755
3642 4144
3643 6768
3644 1673
3645 4875
3646 2424
3647 382
3648 3911
3649 1120
3650 1394
3651 5682
3652 4425
3653 5932
3654 1005
3655 1317
3656 1437
3657 1012
3658 2225
3659 4898
3660 2241
3661 4614
3662 6549
3663 817
3664 265
3665 6049
3666 6476
3667 713
3668 5012
3669 4924
3670 5293
3671 419
3672 110
3673 356
3674 239
3675 3661
3676 6026
3677 825
3678 2551
3679 6533
3680 2018
3681 6376
3682 6150
3683 6072
3684 3896
3685 5940
3686 2950
3687 5227
3688 3195
3689 2973
3690 5175
3691 4100
3692 6879
3693 4273
3694 4711
3695 3978
3696 848
3697 6228
3698 1120
3699 6298
3700 873
3701 2974
3702 304
3703 5503
3704 3826
3705 512
3706 2849
3707 2723
3708 2891
3709 2378
3710 6170
3711 1840
3712 4370
3713 6223
3714 7135
3715 1677
3716 5630
3717 990
3718 3100
3719 1270
3720 873
3721 7108
3722 4241
3723 4566
3724 7023
3725 2237
3726 395
3727 3451
3728 2393
3729 4155
3730 4688
3731 809
3732 1229
3733 4027
3734 5054
3735 3433
3736 1989
3737 4221
3738 4073
3739 5830
3740 5
3741 3652
3742 3744
3743 6286
3744 642
3745 2088
3746 5493
3747 6505
3748 5344
3749 7088
3750 5640
3751 534
3752 5122
3753 4973
3754 329
3755 3725
3756 1147
3757 1442
3758 1874
3759 311
3760 3111
3761 6111
3762 5717
3763 3374
3764 3157
3765 1031
3766 2728
3767 2137
3768 4881
3769 5411
3770 960
3771 5262
3772 2059
3773 3086
3774 3196
3775 4775
3776 4953
3777 3398
3778 1850
3779 3104
3780 2099
3781 1887
3782 4450
3783 2186
3784 2545
3785 5101
3786 6187
3787 94
3788 6196
3789 4258
3790 236
3791 1054
3792 4511
3793 346
3794 6035
3795 1633
3796 4016
3797 408
3798 6228
3799 3884
3800 790
3801 5023
3802 493
3803 3080
3804 3413
3805 1242
3806 7034
3807 2491
3808 6891
3809 3871
3810 5596
3811 6643
3812 3306
3813 1692
3814 1508
3815 6756
3816 962
3817 6649
3818 1643
3819 6540
3820 1416
3821 2265
3822 2569
3823 3013
3824 7020
3825 4142
3826 6107
3827 617
3828 5545
3829 4599
3830 6382
3831 933
3832 260
3833 5107
3834 1953
3835 4857
3836 1860
3837 3414
3838 1855
3839 2219
3840 6277
3841 2375
3842 5184
3843 4683
3844 355
3845 6027
3846 1402
3847 359
3848 2487
3849 7053
3850 1524
3851 684
3852 2749
3853 6026
3854 1694
3855 1856
3856 4585
3857 2533
3858 5462
3859 2561
3860 3110
3861 1246
3862 1036
3863 5785
3864 992
3865 1263
3866 799
3867 6820
3868 3124
3869 5983
3870 3792
3871 2629
3872 6358
3873 3300
3874 4391
3875 2990
3876 5632
3877 2581
3878 2138
3879 3236
3880 2286
3881 1141
3882 1848
3883 7001
3884 6810
3885 6525
3886 5951
3887 6958
3888 5862
3889 2021
3890 2268
3891 3571
3892 4883
3893 6611
3894 4769
3895 4777
3896 122
3897 5884
3898 3026
3899 1457
3900 4099
3901 7047
3902 5221
3903 872
3904 4902
3905 2260
3906 3754
3907 3651
3908 3064
3909 6818
3910 3021
3911 5245
3912 2504
3913 3411
3914 1052
3915 2771
3916 4511
3917 5323
3918 2773
3919 822
3920 1289
3921 3446
3922 3253
3923 7
3924 862
3925 545
3926 6638
3927 2349
3928 277
3929 4060
3930 1237
3931 2416
3932 2991
3933 2407
3934 884
3935 5044
3936 3391
3937 1485
3938 6288
3939 4022
3940 1465
3941 5723
3942 7127
3943 2826
3944 337
3945 2576
3946 4798
3947 5498
3948 2409
3949 2182
3950 2386
3951 2798
3952 6431
3953 4639
3954 4949
3955 4133
3956 154
3957 2282
3958 693
3959 5259
3960 3574
3961 1332
3962 4103
3963 2898
3964 28
3965 7022
3966 5328
3967 1872
3968 2871
3969 710
3970 6653
3971 2451
3972 3642
3973 3501
3974 3807
3975 2884
3976 5797
3977 1424
3978 4901
3979 815
3980 1508
3981 6394
3982 3405
3983 4345
3984 4320
3985 4067
3986 1711
3987 917
3988 7013
3989 7054
3990 2918
3991 5583
3992 397
3993 2174
3994 1590
3995 774
3996 1851
3997 1184
3998 836
3999 2248
4000 5846
4001 1992
4002 1015
4003 6796
4004 4555
4005 7154
4006 1927
4007 5840
4008 5006
4009 5721
4010 2465
4011 6438
4012 6120
4013 4520
4014 4776
4015 1649
4016 1078
4017 1742
4018 4490
4019 3881
4020 3091
4021 2641
4022 7001
4023 4035
4024 3495
4025 6763
4026 1789
4027 3864
4028 642
4029 6987
4030 5352
4031 3369
4032 6292
4033 3456
4034 4840
4035 485
4036 7116
4037 1471
4038 844
4039 3979
4040 6260
4041 2941
4042 6142
4043 1412
4044 1243
4045 6502
4046 585
4047 5838
4048 2415
4049 4371
4050 3287
4051 2154
4052 3759
4053 3550
4054 3561
4055 5789
4056 3816
4057 4414
4058 6207
4059 4677
4060 792
4061 410
4062 983
4063 6171
4064 208
4065 6521
4066 5787
4067 6092
4068 3674
4069 3354
4070 2225
4071 3802
4072 5153
4073 1311
4074 4614
4075 552
4076 5345
4077 4206
4078 6620
4079 2319
4080 4288
4081 4962
4082 472
4083 950
4084 1739
4085 4248
4086 3646
4087 4887
4088 5372
4089 2526
4090 1446
4091 2924
4092 1365
4093 2591
4094 56
4095 2059
4096 1953
4097 3267
4098 1142
4099 3622
4100 6497
4101 1648
4102 1415
4103 4902
4104 802
4105 844
4106 3168
4107 3237
4108 2239
4109 6744
4110 4565
4111 1755
4112 3690
4113 6409
4114 4701
4115 6803
4116 4533
4117 2956
4118 1302
4119 5745
4120 5774
4121 2837
4122 3990
4123 142
4124 6882
4125 5513
4126 2755
4127 691
4128 58
4129 2093
4130 3779
4131 1573
4132 590
4133 586
4134 2199
4135 328
4136 1211
4137 2082
4138 5084
4139 529
4140 4264
4141 250
4142 5277
4143 3691
4144 5456
4145 3628
4146 1892
4147 2453
4148 3317
4149 2154
4150 6450
4151 5667
4152 4626
4153 6172
4154 6339
4155 5630
4156 7008
4157 919
4158 3429
4159 2202
4160 4417
4161 1267
4162 1272
4163 767
4164 1380
4165 252
4166 3134
4167 4574
4168 4487
4169 3270
4170 152
4171 6533
4172 4297
4173 4491
4174 3862
4175 2473
4176 6292
4177 1188
4178 4113
4179 4088
4180 6100
4181 3961
4182 6462
4183 2078
4184 4301
4185 4114
4186 4333
4187 2489
4188 5805
4189 6858
4190 2624
4191 2493
4192 6398
4193 6467
4194 6826
4195 475
4196 487
4197 2815
4198 4799
4199 6773
4200 2925
4201 5697
4202 3539
4203 6017
4204 3200
4205 5411
4206 5702
4207 989
4208 703
4209 6928
4210 679
4211 6084
4212 6767
4213 2789
4214 2359
4215 1994
4216 5939
4217 5141
4218 5748
4219 2557
4220 6866
4221 347
4222 3931
4223 6243
4224 1699
4225 2462
4226 2195
4227 5327
4228 3228
4229 6451
4230 6454
4231 4700
4232 5833
4233 1303
4234 387
4235 1869
4236 3287
4237 4624
4238 2959
4239 957
4240 2239
4241 2784
4242 5928
4243 6014
4244 4874
4245 5345
4246 5385
4247 4369
4248 5554
4249 6938
4250 3647
4251 4556
4252 5847
4253 2305
4254 2008
4255 1398
4256 6477
4257 380
4258 6870
4259 3625
4260 5176
4261 3739
4262 668
4263 4593
4264 629
4265 1753
4266 2238
4267 1624
4268 928
4269 7043
4270 861
4271 2347
4272 3712
4273 5825
4274 3028
4275 3242
4276 3732
4277 5637
4278 1273
4279 5915
4280 5866
4281 7022
4282 3705
4283 1532
4284 2719
4285 6733
4286 5254
4287 3223
4288 5601
4289 5929
4290 417
4291 6705
4292 4635
4293 1686
4294 5454
4295 2539
4296 1925
4297 6636
4298 5673
4299 2683
4300 5612
4301 2206
4302 2563
4303 1884
4304 116
4305 1004
4306 532
4307 6178
4308 6128
4309 4661
4310 1045
4311 2826
4312 5388
4313 3231
4314 5642
4315 3489
4316 6600
4317 3810
4318 5292
4319 1521
4320 4724
4321 5132
4322 1896
4323 5358
4324 6291
4325 5203
4326 949
4327 337
4328 4887
4329 4384
4330 145
4331 3323
4332 632
4333 2911
4334 5282
4335 1076
4336 347
4337 3853
4338 4479
4339 69
4340 3030
4341 3072
4342 384
4343 4378
4344 3215
4345 2921
4346 7123
4347 1558
4348 3250
4349 3571
4350 5143
4351 2987
4352 3068
4353 4205
4354 6631
4355 1124
4356 2861
4357 2350
4358 3543
4359 3238
4360 6853
4361 5251
4362 5572
4363 6798
4364 6451
4365 2931
4366 5276
4367 4369
4368 4930
4369 6842
4370 1366
4371 3350
4372 3342
4373 2827
4374 1223
4375 5065
4376 4786
4377 6494
4378 3663
4379 3381
4380 6460
4381 7096
4382 6519
4383 2284
4384 5200
4385 5259
4386 4778
4387 83
4388 450
4389 5849
4390 2441
4391 5450
4392 6550
4393 2610
4394 5556
4395 3627
4396 3323
4397 2655
4398 517
4399 1810
4400 3277
4401 1801
4402 972
4403 3810
4404 5334
4405 1066
4406 4347
4407 2208
4408 3861
4409 6099
4410 6895
4411 1243
4412 6207
4413 6690
4414 364
4415 1208
4416 553
4417 232
4418 1630
4419 5739
4420 113
4421 3351
4422 6626
4423 5472
4424 5957
4425 5080
4426 3957
4427 6480
4428 1371
4429 1322
4430 6466
4431 6594
4432 2668
4433 5246
4434 4175
4435 3957
4436 5276
4437 5397
4438 1368
4439 1529
4440 6198
4441 2448
4442 1155
4443 2189
4444 3239
4445 220
4446 5469
4447 4504
4448 4017
4449 3731
4450 6319
4451 3241
4452 6559
4453 478
4454 1823
4455 4174
4456 1928
4457 3892
4458 1109
4459 1894
4460 2256
4461 571
4462 4733
4463 5020
4464 2550
4465 4798
4466 7098
4467 2960
4468 6715
4469 3235
4470 7068
4471 4370
4472 4288
4473 5970
4474 6840
4475 1283
4476 2073
4477 2006
4478 2110
4479 6818
4480 1287
4481 5135
4482 1450
4483 1549
4484 3251
4485 5830
4486 5873
4487 891
4488 1611
4489 2849
4490 1280
4491 2930
4492 3405
4493 4568
4494 5697
4495 3545
4496 2936
4497 403
4498 814
4499 5580
4500 4624
4501 4268
4502 5563
4503 657
4504 248
4505 2792
4506 4827
4507 1031
4508 5997
4509 2116
4510 6064
4511 6585
4512 3248
4513 5487
4514 4291
4515 2839
4516 233
4517 3462
4518 1788
4519 2051
4520 6994
4521 6200
4522 2018
4523 2615
4524 813
4525 1911
4526 5009
4527 3645
4528 2192
4529 3446
4530 5730
4531 641
4532 5813
4533 6806
4534 5984
4535 2616
4536 4337
4537 4653
4538 1933
4539 2832
4540 4582
4541 5193
4542 5328
4543 1926
4544 6487
4545 6871
4546 4883
4547 1186
4548 4078
4549 2501
4550 1164
4551 5589
4552 6276
4553 6384
4554 2063
4555 4380
4556 3682
4557 2053
4558 5533
4559 4452
4560 4283
4561 4598
4562 3105
4563 2546
4564 3207
4565 3995
4566 4223
4567 550
4568 2999
4569 5293
4570 1351
4571 898
4572 6179
4573 6894
4574 2904
4575 1737
4576 5267
4577 1058
4578 3041
4579 373
4580 1357
4581 2265
4582 2391
4583 363
4584 1402
4585 3541
4586 3185
4587 4594
4588 3912
4589 490
4590 3836
4591 1847
4592 2991
4593 7172
4594 2634
4595 5222
4596 994
4597 207
4598 3781
4599 6870
4600 3897
4601 6034
4602 1757
4603 1891
4604 1913
4605 2615
4606 3784
4607 258
4608 2085
4609 156
4610 6720
4611 282
4612 1692
4613 5797
4614 3293
4615 6037
4616 1430
4617 506
4618 5891
4619 3817
4620 1090
4621 2050
4622 2657
4623 6131
4624 4964
4625 6655
4626 818
4627 1413
4628 2298
4629 5855
4630 4056
4631 2843
4632 5961
4633 1723
4634 2958
4635 5313
4636 6861
4637 49
4638 2695
4639 195
4640 2787
4641 4345
4642 3389
4643 2527
4644 2573
4645 7066
4646 3442
4647 6758
4648 5164
4649 2391
4650 2400
4651 1452
4652 4912
4653 6024
4654 4024
4655 3537
4656 994
4657 178
4658 2386
4659 3555
4660 142
4661 3352
4662 5579
4663 4679
4664 6504
4665 4076
4666 1588
4667 3818
4668 4263
4669 4295
4670 1928
4671 4831
4672 2425
4673 3322
4674 2704
4675 1115
4676 3865
4677 2010
4678 6781
4679 1662
4680 5734
4681 619
4682 5869
4683 4003
4684 1540
4685 2077
4686 4659
4687 1028
4688 6992
4689 6016
4690 2552
4691 2836
4692 379
4693 3534
4694 2229
4695 2225
4696 6213
4697 1619
4698 6589
4699 2139
4700 5330
4701 290
4702 4262
4703 3268
4704 2615
4705 19
4706 807
4707 186
4708 7168
4709 2074
4710 3438
4711 5418
4712 2663
4713 1495
4714 3677
4715 7042
4716 6677
4717 4458
4718 1678
4719 3486
4720 3578
4721 5180
4722 2424
4723 5486
4724 3986
4725 2951
4726 2564
4727 6215
4728 5485
4729 2587
4730 4673
4731 5514
4732 3898
4733 1773
4734 4599
4735 1991
4736 4218
4737 6198
4738 5870
4739 2519
4740 1191
4741 4743
4742 2443
4743 2511
4744 6603
4745 2412
4746 744
4747 3041
4748 2794
4749 4875
4750 6872
4751 5257
4752 6349
4753 5839
4754 6307
4755 4424
4756 6739
4757 4464
4758 7056
4759 749
4760 7120
4761 4871
4762 1146
4763 422
4764 1893
4765 6440
4766 4378
4767 6225
4768 3576
4769 415
4770 5374
4771 77
4772 2441
4773 1295
4774 212
4775 6199
4776 6748
4777 7065
4778 4378
4779 1996
4780 449
4781 2750
4782 2927
4783 673
4784 4421
4785 5037
4786 2186
4787 7162
4788 4378
4789 3133
4790 3093
4791 671
4792 5195
4793 3005
4794 3840
4795 178
4796 3956
4797 1146
4798 2520
4799 4405
4800 3166
4801 1246
4802 2559
4803 5421
4804 3202
4805 1704
4806 3130
4807 7138
4808 420
4809 6055
4810 1341
4811 4902
4812 4592
4813 354
4814 1188
4815 888
4816 4745
4817 81
4818 1252
4819 6658
4820 5298
4821 1698
4822 1698
4823 1003
4824 2581
4825 264
4826 938
4827 1107
4828 6617
4829 942
4830 5797
4831 6084
4832 6427
4833 6484
4834 1695
4835 4361
4836 1903
4837 7047
4838 5097
4839 2759
4840 5041
4841 640
4842 5958
4843 555
4844 1969
4845 7040
4846 6093
4847 6284
4848 2468
4849 779
4850 5518
4851 4595
4852 6284
4853 3678
4854 6910
4855 2388
4856 3323
4857 1793
4858 4599
4859 6753
4860 447
4861 3926
4862 1768
4863 117
4864 3393
4865 48
4866 5378
4867 145
4868 758
4869 2000
4870 3746
4871 1950
4872 3984
4873 31
4874 1049
4875 4302
4876 6917
4877 5626
4878 2176
4879 5120
4880 2289
4881 669
4882 5666
4883 4232
4884 4907
4885 192
4886 1626
4887 4881
4888 7129
4889 5697
4890 1095
4891 4374
4892 975
4893 209
4894 4535
4895 3557
4896 302
4897 1730
4898 60
4899 4673
4900 662
4901 3322
4902 5715
4903 1315
4904 7071
4905 1244
4906 1956
4907 57
4908 6878
4909 6162
4910 1734
4911 6774
4912 2636
4913 5237
4914 702
4915 5681
4916 3965
4917 6607
4918 4369
4919 2283
4920 7033
4921 159
4922 2032
4923 400
4924 5124
4925 5887
4926 4791
4927 34
4928 6489
4929 3023
4930 467
4931 6069
4932 7055
4933 294
4934 1235
4935 4530
4936 3451
4937 4481
4938 1638
4939 2250
4940 729
4941 611
4942 4394
4943 3246
4944 4438
4945 901
4946 315
4947 3700
4948 6749
4949 2350
4950 674
4951 7047
4952 2554
4953 4233
4954 2953
4955 2243
4956 20
4957 1419
4958 6430
4959 696
4960 6564
4961 2841
4962 7011
4963 1441
4964 5634
4965 2020
4966 2763
4967 1770
4968 4013
4969 5357
4970 3793
4971 6782
4972 2781
4973 5232
4974 4639
4975 5148
4976 458
4977 6442
4978 2783
4979 1276
4980 5061
4981 779
4982 2429
4983 6711
4984 2552
4985 5047
4986 5391
4987 6641
4988 4026
4989 3068
4990 6998
4991 4184
4992 3608
4993 5270
4994 2666
4995 285
4996 5456
4997 5471
4998 6992
4999 2832
5000 6221
5001 942
5002 5325
5003 2903
5004 5539
5005 4404
5006 3770
5007 6185
5008 4385
5009 993
5010 3208
5011 7165
5012 6905
5013 3881
5014 6387
5015 3039
5016 1683
5017 6105
5018 1220
5019 5730
5020 4692
5021 65
5022 4228
5023 4955
5024 4080
5025 360
5026 2720
5027 3552
5028 5350
5029 571
5030 101
5031 5262
5032 1002
5033 646
5034 1323
5035 5673
5036 6453
5037 525
5038 7064
5039 934
5040 5724
5041 5543
5042 1249
5043 163
5044 5227
5045 5714
5046 6678
5047 3151
5048 3655
5049 3853
5050 4041
5051 5616
5052 6172
5053 5459
5054 3138
5055 3334
5056 6221
5057 6238
5058 1602
5059 3614
5060 1279
5061 2556
5062 2142
5063 5011
5064 5200
5065 2064
5066 6829
5067 4596
5068 4425
5069 3169
5070 3811
5071 5536
5072 1826
5073 1529
5074 360
5075 6437
5076 3105
5077 3078
5078 4826
5079 901
5080 1708
5081 4258
5082 2373
5083 65
5084 6953
5085 2860
5086 2401
5087 6507
5088 6936
5089 6390
5090 1278
5091 5369
5092 2324
5093 4010
5094 6255
5095 1474
5096 1716
5097 2013
5098 3605
5099 1393
5100 5491
5101 2362
5102 4601
5103 278
5104 1803
5105 1949
5106 4073
5107 1114
5108 6554
5109 6681
5110 3243
5111 1520
5112 3476
5113 918
5114 6917
5115 1431
5116 6753
5117 4132
5118 2604
5119 4578
5120 5569
5121 828
5122 5949
5123 1245
5124 3286
5125 842
5126 902
5127 601
5128 6528
5129 4201
5130 1467
5131 4803
5132 694
5133 6536
5134 5817
5135 7074
5136 6308
5137 2020
5138 5107
5139 3530
5140 278
5141 2657
5142 2097
5143 1110
5144 4336
5145 2735
5146 3092
5147 6411
5148 509
5149 6791
5150 2421
5151 4533
5152 759
5153 3916
5154 4492
5155 2930
5156 1943
5157 2419
5158 5578
5159 4289
5160 5465
5161 2668
5162 442
5163 1045
5164 922
5165 1142
5166 4199
5167 6581
5168 2386
5169 1326
5170 1934
5171 4918
5172 3550
5173 4525
5174 5936
5175 6660
5176 6851
5177 4234
5178 4481
5179 3990
5180 2971
5181 4058
5182 1471
5183 1980
5184 5886
5185 6159
5186 4059
5187 7113
5188 4067
5189 2665
5190 6193
5191 7076
5192 228
5193 6530
5194 1817
5195 2199
5196 6175
5197 5493
5198 1335
5199 1041
5200 6247
5201 1688
5202 6016
5203 6493
5204 4948
5205 5237
5206 1625
5207 6648
5208 2301
5209 5452
5210 1631
5211 6445
5212 5623
5213 6305
5214 6885
5215 2485
5216 6358
5217 5843
5218 4005
5219 563
5220 3296
5221 3657
5222 7117
5223 3162
5224 6906
5225 3765
5226 2265
5227 37
5228 6540
5229 54
5230 7155
5231 1078
5232 6727
5233 4801
5234 6184
5235 5951
5236 3510
5237 6204
5238 4653
5239 5055
5240 1563
5241 1300
5242 6002
5243 6308
5244 6137
5245 4282
5246 6491
5247 3265
5248 5223
5249 4065
5250 1865
5251 2348
5252 4758
5253 3264
5254 6519
5255 4894
5256 6601
5257 6805
5258 4867
5259 2113
5260 1164
5261 1706
5262 6133
5263 1468
5264 5085
5265 12
5266 4714
5267 3077
5268 2295
5269 2718
5270 542
5271 4201
5272 338
5273 1984
5274 848
5275 6284
5276 46
5277 5362
5278 7061
5279 4477
5280 1573
5281 1529
5282 3675
5283 3555
5284 3853
5285 697
5286 1666
5287 2838
5288 7120
5289 245
5290 3435
5291 1698
5292 2739
5293 3144
5294 551
5295 5633
5296 5527
5297 2783
5298 6148
5299 2820
5300 2086
5301 3078
5302 5278
5303 3876
5304 1516
5305 6444
5306 4089
5307 6443
5308 4012
5309 521
5310 6030
5311 6612
5312 532
5313 4833
5314 1262
5315 7157
5316 5611
5317 3509
5318 1015
5319 1668
5320 4263
5321 616
5322 763
5323 6651
5324 3049
5325 5683
5326 1654
5327 2801
5328 6514
5329 6644
5330 5989
5331 3788
5332 2266
5333 4957
5334 5844
5335 5589
5336 5111
5337 6091
5338 741
5339 572
5340 808
5341 2050
5342 3264
5343 1333
5344 3002
5345 1986
5346 1266
5347 1659
5348 3591
5349 3618
5350 4967
5351 2317
5352 2562
5353 1697
5354 5441
5355 2381
5356 4622
5357 2426
5358 3704
5359 1632
5360 3229
5361 3242
5362 5838
5363 4201
5364 7145
5365 2793
5366 4575
5367 6752
5368 4820
5369 1516
5370 2488
5371 2715
5372 3682
5373 5475
5374 810
5375 4353
5376 6649
5377 702
5378 2535
5379 2054
5380 282
5381 3910
5382 2888
5383 6752
5384 6920
5385 6734
5386 2002
5387 4308
5388 5996
5389 6549
5390 1077
5391 510
5392 1664
5393 4496
5394 3598
5395 4247
5396 2219
5397 1805
5398 5721
5399 3801
5400 2114
5401 4890
5402 3764
5403 69
5404 5600
5405 4488
5406 1702
5407 843
5408 102
5409 2782
5410 4484
5411 5962
5412 6528
5413 6209
5414 654
5415 863
5416 738
5417 901
5418 1108
5419 5563
5420 1052
5421 5930
5422 4827
5423 6186
5424 6743
5425 6261
5426 3671
5427 323
5428 150
5429 539
5430 5757
5431 5658
5432 6405
5433 608
5434 6778
5435 6102
5436 1761
5437 2856
5438 1840
5439 1604
5440 5292
5441 2902
5442 5761
5443 6049
5444 4802
5445 6493
5446 2461
5447 713
5448 3762
5449 4003
5450 7159
5451 6008
5452 5489
5453 5356
5454 6107
5455 4155
5456 379
5457 3869
5458 6702
5459 3594
5460 2200
5461 6279
5462 2672
5463 1356
5464 2763
5465 4642
5466 6838
5467 197
5468 6435
5469 5546
5470 6009
5471 2521
5472 6100
5473 7147
5474 6440
5475 6772
5476 6199
5477 3093
5478 3915
5479 7075
5480 5403
5481 5707
5482 2915
5483 3779
5484 6449
5485 88
5486 4460
5487 1791
5488 1383
5489 2881
5490 2418
5491 1533
5492 5421
5493 919
5494 3558
5495 2441
5496 871
5497 2661
5498 1149
5499 2385
5500 1203
5501 5380
5502 4314
5503 4119
5504 4824
5505 4266
5506 5782
5507 5082
5508 1272
5509 475
5510 894
5511 5195
5512 6399
5513 3195
5514 2739
5515 4527
5516 2960
5517 3345
5518 2509
5519 2915
5520 375
5521 6909
5522 2620
5523 6708
5524 6659
5525 5773
5526 3022
5527 3026
5528 1360
5529 5333
5530 5325
5531 2524
5532 6291
5533 3025
5534 3864
5535 5069
5536 989
5537 7141
5538 4511
5539 263
5540 3835
5541 7084
5542 1316
5543 935
5544 4202
5545 1598
5546 4060
5547 4005
5548 3026
5549 2208
5550 5766
5551 5550
5552 7064
5553 5236
5554 1742
5555 5620
5556 2429
5557 663
5558 3841
5559 2538
5560 3774
5561 3175
5562 6892
5563 6025
5564 6615
5565 4452
5566 2492
5567 2323
5568 346
5569 228
5570 5125
5571 5837
5572 4508
5573 408
5574 2301
5575 5477
5576 5662
5577 5547
5578 3939
5579 6697
5580 1825
5581 5466
5582 1917
5583 5481
5584 1671
5585 5220
5586 4206
5587 5731
5588 6358
5589 6911
5590 3829
5591 2312
5592 5226
5593 3373
5594 3985
5595 4776
5596 2481
5597 6362
5598 725
5599 4910
5600 5014
5601 1471
5602 3618
5603 5831
5604 4670
5605 1982
5606 5523
5607 1023
5608 6836
5609 4507
5610 4184
5611 4897
5612 734
5613 1947
5614 4281
5615 1625
5616 1371
5617 3095
5618 4311
5619 6018
5620 1211
5621 6296
5622 6295
5623 5213
5624 5478
5625 3385
5626 1608
5627 7145
5628 131
5629 4419
5630 4333
5631 6149
5632 4164
5633 6352
5634 1361
5635 2410
5636 2903
5637 2698
5638 6933
5639 1126
5640 3045
5641 2446
5642 843
5643 4619
5644 1316
5645 5369
5646 4016
5647 4071
5648 5420
5649 573
5650 5201
5651 4250
5652 363
5653 5322
5654 6010
5655 4600
5656 4414
5657 5652
5658 4034
5659 5760
5660 458
5661 2786
5662 967
5663 6157
5664 2800
5665 4242
5666 934
5667 2041
5668 979
5669 646
5670 5030
5671 2101
5672 1356
5673 1730
5674 6818
5675 1563
5676 1349
5677 1719
5678 160
5679 2102
5680 6912
5681 4725
5682 6787
5683 3107
5684 5830
5685 2872
5686 6110
5687 986
5688 1006
5689 3356
5690 6254
5691 6446
5692 874
5693 1238
5694 2497
5695 6906
5696 7078
5697 781
5698 511
5699 117
5700 2821
5701 1031
5702 5021
5703 1165
5704 2278
5705 3489
5706 1696
5707 6214
5708 2736
5709 4484
5710 5566
5711 2826
5712 4124
5713 3344
5714 6280
5715 5005
5716 1552
5717 1466
5718 1091
5719 3709
5720 5860
5721 2938
5722 282
5723 876
5724 491
5725 501
5726 4991
5727 6985
5728 6799
5729 5
5730 4095
5731 6346
5732 6626
5733 5289
5734 1934
5735 6721
5736 2766
5737 159
5738 3243
5739 1328
5740 3635
5741 5644
5742 89
5743 5267
5744 2764
5745 6892
5746 6266
5747 5400
5748 6183
5749 2821
5750 1899
5751 6157
5752 405
5753 5997
5754 515
5755 2073
5756 2772
5757 2427
5758 2051
5759 5957
5760 6033
5761 2803
5762 554
5763 5945
5764 3301
5765 5979
5766 7018
5767 680
5768 164
5769 2862
5770 4817
5771 1479
5772 2100
5773 4550
5774 2559
5775 3351
5776 1784
5777 483
5778 640
5779 2748
5780 2287
5781 4939
5782 1263
5783 4903
5784 1917
5785 4916
5786 2424
5787 7075
5788 2000
5789 779
5790 1682
5791 5725
5792 4943
5793 2688
5794 379
5795 3985
5796 3548
5797 2095
5798 5413
5799 1988
5800 5910
5801 3924
5802 27
5803 3401
5804 2665
5805 5035
5806 2116
5807 6225
5808 3968
5809 521
5810 1526
5811 3325
5812 753
5813 6527
5814 3191
5815 5864
5816 1293
5817 3755
5818 816
5819 5850
5820 4719
5821 405
5822 6948
5823 2967
5824 1218
5825 3312
5826 768
5827 1259
5828 2731
5829 3750
5830 6355
5831 94
5832 486
5833 954
5834 6686
5835 7059
5836 5032
5837 4442
5838 2228
5839 7072
5840 6100
5841 1414
5842 6479
5843 872
5844 5505
5845 2778
5846 4512
5847 3711
5848 3252
5849 2063
5850 80
5851 4023
5852 4669
5853 4549
5854 4557
5855 7024
5856 687
5857 2263
5858 1424
5859 822
5860 5007
5861 2334
5862 6241
5863 5215
5864 4304
5865 1129
5866 3215
5867 3616
5868 4088
5869 3147
5870 111
5871 3622
5872 5630
5873 2712
5874 5622
5875 6039
5876 1729
5877 3643
5878 6233
5879 5413
5880 14
5881 2402
5882 2235
5883 669
5884 1435
5885 995
5886 4465
5887 1560
5888 5738
5889 3463
5890 1717
5891 1596
5892 2150
5893 5653
5894 1247
5895 2978
5896 4729
5897 4327
5898 323
5899 4870
5900 5971
5901 1195
5902 3680
5903 3449
5904 6390
5905 1938
5906 539
5907 3908
5908 6153
5909 5951
5910 4345
5911 4660
5912 2326
5913 2594
5914 6393
5915 6389
5916 2911
5917 1134
5918 1155
5919 4709
5920 2434
5921 5512
5922 4612
5923 2306
5924 1262
5925 2558
5926 5065
5927 3402
5928 88
5929 7099
5930 6737
5931 2984
5932 1884
5933 940
5934 3807
5935 1612
5936 4489
5937 4646
5938 2875
5939 5689
5940 2319
5941 6861
5942 4555
5943 139
5944 550
5945 3013
5946 1570
5947 225
5948 3364
5949 2623
5950 310
5951 5410
5952 7063
5953 4291
5954 6842
5955 6091
5956 3704
5957 6652
5958 6100
5959 2128
5960 2515
5961 3509
5962 929
5963 2955
5964 1432
5965 1117
5966 1640
5967 3692
5968 6250
5969 3346
5970 1118
5971 3120
5972 5165
5973 2906
5974 547
5975 1112
5976 2689
5977 4082
5978 4235
5979 3053
5980 3212
5981 6543
5982 3200
5983 6232
5984 521
5985 5817
5986 481
5987 608
5988 1563
5989 2242
5990 4131
5991 4981
5992 6287
5993 2837
5994 3476
5995 3218
5996 345
5997 2550
5998 396
5999 1495
6000 6955
6001 7097
6002 5494
6003 1163
6004 2531
6005 1820
6006 6138
6007 5003
6008 4150
6009 3189
6010 6652
6011 4890
6012 3520
6013 3845
6014 3297
6015 5698
6016 2487
6017 4438
6018 535
6019 4012
6020 3948
6021 592
6022 3653
6023 976
6024 4000
6025 3432
6026 832
6027 1271
6028 589
6029 459
6030 6375
6031 5237
6032 777
6033 494
6034 4004
6035 266
6036 6909
6037 5001
6038 2089
6039 4727
6040 1509
6041 6130
6042 5941
6043 781
6044 3087
6045 1695
6046 2513
6047 501
6048 5267
6049 4308
6050 1872
6051 6636
6052 2075
6053 6584
6054 421
6055 5364
6056 4170
6057 7043
6058 2807
6059 1125
6060 6991
6061 4937
6062 2087
6063 10
6064 1167
6065 1333
6066 5751
6067 2617
6068 3792
6069 3148
6070 6702
6071 1743
6072 4964
6073 232
6074 4984
6075 4213
6076 1764
6077 6883
6078 2137
6079 4732
6080 118
6081 7044
6082 6438
6083 5054
6084 6535
6085 5544
6086 3852
6087 4505
6088 1191
6089 4413
6090 6321
6091 4238
6092 6524
6093 6368
6094 6650
6095 1993
6096 6524
6097 6042
6098 3037
6099 3004
6100 4167
6101 2403
6102 4803
6103 4404
6104 5418
6105 6473
6106 4161
6107 3356
6108 1580
6109 4634
6110 4414
6111 3070
6112 5159
6113 4229
6114 6331
6115 370
6116 595
6117 1626
6118 2841
6119 7005
6120 3629
6121 6891
6122 4455
6123 2196
6124 2286
6125 6218
6126 394
6127 287
6128 2416
6129 1379
6130 5365
6131 2874
6132 2305
6133 3484
6134 4048
6135 385
6136 1882
6137 5428
6138 2789
6139 4396
6140 5669
6141 5867
6142 249
6143 3334
6144 2255
6145 116
6146 4312
6147 2307
6148 5456
6149 220
6150 1559
6151 4625
6152 4695
6153 1719
6154 852
6155 5209
6156 3028
6157 6874
6158 3170
6159 4600
6160 1544
6161 3954
6162 3753
6163 432
6164 1064
6165 5422
6166 854
6167 1080
6168 5847
6169 2515
6170 6997
6171 5561
6172 4536
6173 6016
6174 3725
6175 5890
6176 4983
6177 969
6178 6623
6179 1662
6180 2571
6181 6331
6182 4622
6183 2957
6184 6777
6185 4339
6186 606
6187 2846
6188 6815
6189 4730
6190 3152
6191 1696
6192 408
6193 5286
6194 5084
6195 4849
6196 393
6197 4075
6198 4020
6199 181
6200 6319
6201 3514
6202 4223
6203 561
6204 3236
6205 875
6206 4481
6207 4957
6208 3239
6209 3440
6210 4773
6211 5019
6212 490
6213 3924
6214 5969
6215 1703
6216 1422
6217 4480
6218 1072
6219 4955
6220 1135
6221 2420
6222 5520
6223 6578
6224 218
6225 233
6226 5428
6227 5497
6228 471
6229 3750
6230 3566
6231 6588
6232 1774
6233 4721
6234 1163
6235 6170
6236 6899
6237 5311
6238 6607
6239 6454
6240 2759
6241 6022
6242 6915
6243 5123
6244 800
6245 1148
6246 2441
6247 4726
6248 6313
6249 6687
6250 1419
6251 3341
6252 3971
6253 790
6254 5807
6255 3343
6256 3694
6257 2223
6258 1311
6259 1856
6260 6704
6261 517
6262 7069
6263 1923
6264 7028
6265 3875
6266 446
6267 3539
6268 3789
6269 102
6270 762
6271 3304
6272 4403
6273 5843
6274 4072
6275 7126
6276 910
6277 4900
6278 1452
6279 6418
6280 5820
6281 5185
6282 1746
6283 4174
6284 4590
6285 7010
6286 1173
6287 4484
6288 6179
6289 6430
6290 2848
6291 639
6292 6067
6293 3688
6294 3516
6295 1373
6296 5798
6297 4442
6298 4211
6299 5603
6300 1552
6301 4201
6302 2495
6303 6454
6304 2585
6305 2582
6306 5781
6307 2329
6308 5174
6309 5598
6310 6424
6311 1162
6312 2341
6313 3834
6314 2894
6315 4591
6316 4269
6317 3098
6318 1225
6319 2934
6320 1067
6321 6120
6322 3281
6323 1605
6324 5947
6325 1212
6326 291
6327 4584
6328 1197
6329 6430
6330 563
6331 349
6332 6384
6333 5244
6334 673
6335 6039
6336 5932
6337 4735
6338 1828
6339 3062
6340 3611
6341 5997
6342 2275
6343 4722
6344 7095
6345 5889
6346 1714
6347 5258
6348 3031
6349 2821
6350 646
6351 6591
6352 6306
6353 80
6354 5319
6355 4530
6356 5987
6357 6159
6358 5912
6359 4885
6360 1420
6361 1593
6362 4275
6363 3774
6364 699
6365 3786
6366 141
6367 3302
6368 113
6369 5660
6370 5332
6371 6340
6372 6296
6373 2644
6374 6936
6375 5593
6376 6673
6377 2163
6378 57
6379 3004
6380 1555
6381 6028
6382 3199
6383 854
6384 986
6385 1470
6386 1998
6387 966
6388 4739
6389 4025
6390 1140
6391 2700
6392 5861
6393 4797
6394 5809
6395 2260
6396 1170
6397 677
6398 2099
6399 1623
6400 960
6401 621
6402 5076
6403 6745
6404 2484
6405 4984
6406 4673
6407 7084
6408 4845
6409 1996
6410 2470
6411 6577
6412 1540
6413 5096
6414 942
6415 5941
6416 5062
6417 2887
6418 4455
6419 6422
6420 4827
6421 1801
6422 6325
6423 5194
6424 1767
6425 6143
6426 3254
6427 4769
6428 649
6429 5131
6430 1274
6431 2929
6432 665
6433 4832
6434 3255
6435 2719
6436 4698
6437 7043
6438 666
6439 4918
6440 5927
6441 4004
6442 3015
6443 4679
6444 1126
6445 1930
6446 6340
6447 3971
6448 4303
6449 2153
6450 2122
6451 3209
6452 212
6453 3129
6454 6312
6455 4980
6456 3748
6457 1323
6458 2458
6459 6528
6460 6793
6461 5312
6462 1794
6463 6438
6464 3032
6465 4084
6466 5164
6467 3361
6468 1629
6469 5555
6470 2001
6471 5546
6472 5120
6473 4924
6474 255
6475 5892
6476 5336
6477 360
6478 5135
6479 1932
6480 1246
6481 272
6482 1276
6483 6720
6484 4240
6485 6759
6486 3634
6487 6288
6488 1127
6489 5043
6490 6157
6491 6798
6492 6461
6493 5083
6494 5298
6495 2970
6496 5956
6497 4482
6498 2825
6499 2760
6500 969
6501 2317
6502 7043
6503 6311
6504 6299
6505 1776
6506 6192
6507 7
6508 3839
6509 2566
6510 3150
6511 6304
6512 3784
6513 1849
6514 1378
6515 5726
6516 5764
6517 7012
6518 924
6519 909
6520 4148
6521 6017
6522 2596
6523 2686
6524 1221
6525 742
6526 1280
6527 6389
6528 3513
6529 1951
6530 3736
6531 4637
6532 4812
6533 6288
6534 4933
6535 4648
6536 5569
6537 7004
6538 1924
6539 3810
6540 7170
6541 6345
6542 1977
6543 1252
6544 2766
6545 748
6546 4851
6547 6063
6548 4456
6549 4925
6550 1443
6551 4231
6552 3915
6553 1097
6554 394
6555 1410
6556 2755
6557 3606
6558 2150
6559 3616
6560 4147
6561 3205
6562 4837
6563 5831
6564 445
6565 6810
6566 687
6567 6868
6568 1156
6569 5027
6570 57
6571 5713
6572 4216
6573 2737
6574 2866
6575 6132
6576 4207
6577 202
6578 612
6579 666
6580 6107
6581 4754
6582 5696
6583 3601
6584 6082
6585 1130
6586 4998
6587 3110
6588 2317
6589 153
6590 7052
6591 1406
6592 1345
6593 5285
6594 6836
6595 3203
6596 1995
6597 3908
6598 6612
6599 5754
6600 283
6601 4055
6602 738
6603 6653
6604 2913
6605 708
6606 86
6607 2679
6608 3084
6609 5608
6610 6646
6611 6714
6612 5372
6613 4833
6614 3454
6615 6987
6616 3156
6617 4908
6618 6370
6619 7164
6620 1602
6621 6328
6622 1917
6623 2873
6624 496
6625 3612
6626 5221
6627 5561
6628 58
6629 4984
6630 5565
6631 4368
6632 3274
6633 6313
6634 4125
6635 5391
6636 5224
6637 5503
6638 6348
6639 5967
6640 4367
6641 787
6642 4537
6643 515
6644 1415
6645 704
6646 4816
6647 1632
6648 6732
6649 2030
6650 4715
6651 4035
6652 3118
6653 460
6654 1792
6655 3948
6656 3747
6657 5218
6658 1440
6659 3192
6660 4403
6661 6639
6662 4025
6663 7004
6664 1329
6665 500
6666 5852
6667 6042
6668 4399
6669 3330
6670 587
6671 1360
6672 1226
6673 351
6674 3709
6675 3529
6676 1311
6677 171
6678 3315
6679 4224
6680 2676
6681 2770
6682 1991
6683 4039
6684 2084
6685 3224
6686 437
6687 3811
6688 1420
6689 5534
6690 4312
6691 5743
6692 1813
6693 3242
6694 3079
6695 6942
6696 1108
6697 2158
6698 1703
6699 351
6700 3326
6701 6922
6702 6806
6703 1086
6704 5421
6705 1106
6706 3176
6707 5852
6708 721
6709 6756
6710 2574
6711 3655
6712 4001
6713 6696
6714 2626
6715 7070
6716 2609
6717 1980
6718 758
6719 3211
6720 4026
6721 562
6722 6287
6723 4770
6724 5695
6725 4760
6726 7059
6727 6895
6728 1070
6729 1759
6730 5527
6731 1175
6732 6702
6733 3358
6734 6129
6735 3059
6736 1474
6737 1094
6738 939
6739 6878
6740 1703
6741 117
6742 2470
6743 5957
6744 1765
6745 3445
6746 5414
6747 842
6748 4868
6749 1352
6750 3854
6751 6888
6752 4271
6753 6904
6754 5585
6755 4533
6756 5956
6757 699
6758 4043
6759 7165
6760 1052
6761 2419
6762 1892
6763 4480
6764 6699
6765 945
6766 6265
6767 3076
6768 929
6769 237
6770 5783
6771 5206
6772 6621
6773 5624
6774 7050
6775 1758
6776 1120
6777 1009
6778 5446
6779 647
6780 743
6781 2501
6782 1651
6783 4891
6784 4472
6785 4331
6786 2011
6787 2053
6788 1425
6789 6160
6790 5205
6791 3802
6792 789
6793 5387
6794 5708
6795 7145
6796 1836
6797 26
6798 3148
6799 341
6800 2383
6801 4693
6802 1544
6803 1956
6804 5912
6805 4534
6806 4606
6807 1229
6808 2459
6809 5420
6810 6982
6811 196
6812 1193
6813 1727
6814 6301
6815 6708
6816 4813
6817 6177
6818 2041
6819 6492
6820 889
6821 6288
6822 1049
6823 1614
6824 4495
6825 5558
6826 5566
6827 1100
6828 3222
6829 930
6830 5451
6831 2108
6832 6931
6833 5945
6834 703
6835 551
6836 5817
6837 1891
6838 5985
6839 1255
6840 213
6841 1249
6842 1846
6843 3338
6844 3501
6845 6955
6846 2760
6847 1442
6848 669
6849 5790
6850 4800
6851 6771
6852 4602
6853 6227
6854 5176
6855 339
6856 1056
6857 3558
6858 1307
6859 275
6860 2563
6861 7083
6862 4917
6863 2252
6864 6753
6865 6818
6866 3591
6867 374
6868 13
6869 2175
6870 2352
6871 3053
6872 2581
6873 1918
6874 166
6875 3266
6876 5106
6877 702
6878 6705
6879 3210
6880 867
6881 537
6882 2293
6883 5456
6884 5577
6885 2641
6886 3593
6887 6871
6888 6060
6889 4091
6890 4168
6891 5705
6892 5253
6893 2026
6894 4611
6895 1771
6896 4511
6897 3731
6898 1075
6899 5244
6900 4099
6901 4114
6902 4483
6903 3170
6904 1043
6905 6519
6906 1941
6907 1864
6908 874
6909 5265
6910 118
6911 5973
6912 5294
6913 3288
6914 2192
6915 4951
6916 1411
6917 6240
6918 6327
6919 4598
6920 4591
6921 5473
6922 3178
6923 834
6924 5666
6925 4855
6926 5025
6927 1696
6928 1796
6929 2125
6930 6574
6931 810
6932 6741
6933 915
6934 6107
6935 6256
6936 345
6937 3627
6938 6881
6939 3656
6940 119
6941 1172
6942 5959
6943 2159
6944 2544
6945 7125
6946 3147
6947 1078
6948 3113
6949 6292
6950 3149
6951 2146
6952 5921
6953 473
6954 6421
6955 3732
6956 1534
6957 4636
6958 244
6959 1805
6960 959
6961 6043
6962 4431
6963 704
6964 5554
6965 3722
6966 3261
6967 2100
6968 1058
6969 3830
6970 6908
6971 1155
6972 2816
6973 1721
6974 1009
6975 4791
6976 3388
6977 2293
6978 5964
6979 2107
6980 2250
6981 1772
6982 1217
6983 5141
6984 6259
6985 691
6986 2476
6987 5372
6988 5351
6989 625
6990 4312
6991 5293
6992 5500
6993 1799
6994 6860
6995 1533
6996 1083
6997 3543
6998 926
6999 7100
7000 786
7001 4398
7002 4182
7003 6962
7004 2869
7005 3522
7006 6822
7007 6168
7008 5360
7009 4065
7010 1905
7011 3061
7012 3647
7013 2779
7014 171
7015 5050
7016 4583
7017 3443
7018 3912
7019 3375
7020 1763
7021 5554
7022 5754
7023 1319
7024 4567
7025 791
7026 3758
7027 4824
7028 698
7029 4221
7030 6468
7031 6583
7032 5464
7033 296
7034 4699
7035 4471
7036 1672
7037 5363
7038 3683
7039 2250
7040 4495
7041 2651
7042 1681
7043 1304
7044 2667
7045 1480
7046 75
7047 2434
7048 2475
7049 1518
7050 1982
7051 1854
7052 2652
7053 3738
7054 2183
7055 2186
7056 329
7057 3730
7058 6895
7059 743
7060 1071
7061 2194
7062 5467
7063 489
7064 4366
7065 963
7066 714
7067 4252
7068 2015
7069 6160
7070 3010
7071 5359
7072 1729
7073 4906
7074 4366
7075 3434
7076 4924
7077 1579
7078 4461
7079 3279
7080 1270
7081 6191
7082 5139
7083 1070
7084 3992
7085 5594
7086 437
7087 242
7088 6060
7089 2591
7090 6752
7091 4609
7092 4854
7093 5535
7094 5806
7095 831
7096 1006
7097 2514
7098 2417
7099 3526
7100 2806
7101 6650
7102 5442
7103 6484
7104 575
7105 542
7106 2150
7107 5329
7108 5017
7109 4397
7110 6482
7111 3825
7112 3597
7113 467
7114 6480
7115 4589
7116 3318
7117 5787
7118 4693
7119 4113
7120 4642
7121 6150
7122 2058
7123 548
7124 4633
7125 371
7126 4511
7127 2601
7128 5541
7129 5086
7130 3324
7131 2345
7132 3931
7133 4579
7134 1111
7135 2454
7136 3799
7137 362
7138 3214
7139 6846
7140 3111
7141 7094
7142 1777
7143 4947
7144 360
7145 2079
7146 650
7147 843
7148 2493
7149 632
7150 2876
7151 3713
7152 2584
7153 76
7154 3954
7155 5866
7156 906
7157 1964
7158 2184
7159 719
7160 742
7161 4120
7162 5951
7163 6420
7164 20
7165 6899
7166 3567
7167 7165
7168 6093
7169 2115
7170 5439
7171 1388
7172 4384
7173 2659
7174 1518
7175 6802
7176 3909
7177 6176
7178 7072
1439
963
4419
7165
1733
5078
6120
1839
5500
2058
1075
41
4371
6975
5170
566
5113
246
112
1320
2516
104
5900
4253
4485
5608
3430
1973
298
5656
5770
1846
4423
6653
6902
2705
1976
4308
459
3374
5191
3988
2699
6647
5088
895
390
69
6221
6721
6575
5853
5670
4237
3690
2172
3871
2920
4704
1027
443
5355
5886
6903
1343
2592
1636
4167
547
1589
5671
3728
4656
4467
1389
4066
6639
4936
4454
6033
401
5947
4805
1612
3351
4445
2561
2991
5889
6591
712
302
4084
4332
5479
6568
3627
3587
6319
1788
3554
6539
543
2373
6129
3227
2142
1997
3807
2368
1754
354
6137
1260
6344
6217
5651
6805
597
2589
4702
393
1312
3801
5715
4395
4530
