805 764
1 489
2 254
3 32
4 539
5 452
6 689
7 380
8 89
9 106
10 287
11 132
12 406
13 638
14 209
15 706
16 681
17 317
18 243
19 98
20 171
21 215
22 102
23 662
24 380
25 801
26 398
27 553
28 249
29 499
30 219
31 153
32 23
33 101
34 274
35 23
36 796
37 104
38 455
39 682
40 251
41 24
42 192
43 367
44 547
45 219
46 242
47 272
48 10
49 720
50 371
51 621
52 500
53 622
54 471
55 495
56 239
57 554
58 484
59 193
60 8
61 112
62 245
63 215
64 239
65 682
66 392
67 475
68 56
69 716
70 647
71 785
72 376
73 103
74 442
75 457
76 779
77 98
78 210
79 94
80 420
81 759
82 747
83 663
84 387
85 371
86 299
87 763
88 476
89 432
90 778
91 98
92 145
93 304
94 536
95 645
96 409
97 768
98 645
99 103
100 695
101 631
102 146
103 715
104 32
105 677
106 121
107 509
108 247
109 435
110 129
111 728
112 521
113 762
114 291
115 365
116 3
117 147
118 5
119 656
120 565
121 386
122 726
123 769
124 801
125 565
126 568
127 70
128 492
129 654
130 263
131 191
132 571
133 236
134 252
135 352
136 477
137 716
138 34
139 48
140 137
141 333
142 238
143 285
144 348
145 435
146 752
147 766
148 422
149 153
150 140
151 146
152 266
153 612
154 680
155 154
156 620
157 529
158 68
159 372
160 433
161 255
162 227
163 50
164 198
165 663
166 603
167 753
168 331
169 586
170 234
171 338
172 163
173 143
174 415
175 307
176 490
177 313
178 235
179 33
180 642
181 294
182 501
183 90
184 588
185 8
186 469
187 659
188 88
189 105
190 155
191 145
192 602
193 178
194 752
195 217
196 425
197 582
198 543
199 105
200 111
201 189
202 478
203 523
204 257
205 740
206 53
207 768
208 94
209 205
210 616
211 585
212 801
213 495
214 225
215 138
216 554
217 176
218 9
219 759
220 783
221 178
222 426
223 373
224 395
225 347
226 114
227 588
228 351
229 638
230 701
231 560
232 472
233 20
234 609
235 209
236 741
237 128
238 66
239 308
240 343
241 731
242 783
243 405
244 474
245 458
246 781
247 144
248 239
249 800
250 267
251 277
252 714
253 73
254 58
255 552
256 642
257 304
258 777
259 321
260 118
261 530
262 688
263 542
264 792
265 315
266 453
267 763
268 129
269 642
270 167
271 162
272 223
273 143
274 558
275 581
276 642
277 784
278 446
279 780
280 562
281 450
282 276
283 411
284 770
285 425
286 625
287 338
288 139
289 29
290 699
291 78
292 333
293 480
294 722
295 173
296 152
297 19
298 163
299 476
300 75
301 337
302 424
303 338
304 300
305 712
306 66
307 703
308 178
309 499
310 702
311 48
312 206
313 73
314 521
315 204
316 360
317 161
318 158
319 178
320 142
321 432
322 294
323 390
324 331
325 425
326 506
327 323
328 351
329 387
330 420
331 303
332 768
333 439
334 269
335 497
336 570
337 683
338 763
339 484
340 203
341 202
342 227
343 636
344 723
345 143
346 763
347 108
348 332
349 515
350 17
351 479
352 413
353 211
354 715
355 364
356 210
357 407
358 476
359 508
360 716
361 611
362 537
363 156
364 341
365 611
366 541
367 629
368 651
369 60
370 587
371 688
372 236
373 656
374 716
375 779
376 279
377 402
378 104
379 160
380 631
381 406
382 699
383 750
384 356
385 32
386 409
387 260
388 50
389 769
390 769
391 3
392 82
393 159
394 690
395 379
396 11
397 194
398 618
399 30
400 464
401 371
402 718
403 285
404 7
405 35
406 504
407 159
408 384
409 110
410 383
411 99
412 224
413 375
414 14
415 124
416 355
417 337
418 482
419 599
420 689
421 314
422 614
423 740
424 631
425 699
426 134
427 454
428 426
429 657
430 550
431 376
432 767
433 394
434 684
435 528
436 694
437 62
438 499
439 638
440 641
441 330
442 717
443 329
444 70
445 98
446 360
447 296
448 610
449 505
450 109
451 144
452 792
453 338
454 639
455 247
456 489
457 52
458 238
459 411
460 559
461 597
462 75
463 426
464 120
465 559
466 18
467 208
468 443
469 134
470 307
471 218
472 419
473 225
474 282
475 658
476 690
477 730
478 672
479 637
480 266
481 45
482 397
483 300
484 20
485 117
486 128
487 769
488 244
489 264
490 443
491 620
492 84
493 35
494 401
495 771
496 717
497 685
498 694
499 601
500 750
501 249
502 773
503 682
504 153
505 239
506 437
507 287
508 794
509 488
510 682
511 296
512 519
513 320
514 793
515 547
516 149
517 258
518 708
519 184
520 15
521 182
522 650
523 307
524 544
525 768
526 568
527 42
528 562
529 662
530 489
531 41
532 75
533 308
534 150
535 112
536 624
537 117
538 330
539 712
540 659
541 114
542 189
543 262
544 355
545 95
546 385
547 805
548 126
549 309
550 142
551 268
552 657
553 444
554 699
555 334
556 409
557 739
558 525
559 736
560 257
561 428
562 144
563 637
564 541
565 201
566 585
567 769
568 764
569 531
570 221
571 29
572 309
573 779
574 652
575 651
576 323
577 57
578 691
579 553
580 710
581 361
582 602
583 371
584 510
585 800
586 650
587 48
588 50
589 190
590 293
591 559
592 345
593 667
594 733
595 154
596 598
597 702
598 539
599 426
600 757
601 495
602 105
603 271
604 179
605 307
606 91
607 479
608 529
609 589
610 191
611 536
612 272
613 616
614 450
615 160
616 357
617 734
618 798
619 285
620 194
621 792
622 625
623 242
624 480
625 372
626 216
627 18
628 389
629 694
630 286
631 537
632 228
633 6
634 210
635 658
636 520
637 103
638 599
639 636
640 422
641 202
642 560
643 594
644 200
645 170
646 711
647 137
648 367
649 299
650 442
651 22
652 4
653 200
654 501
655 753
656 708
657 324
658 705
659 262
660 127
661 592
662 421
663 280
664 726
665 128
666 800
667 682
668 584
669 158
670 316
671 383
672 668
673 188
674 41
675 417
676 523
677 639
678 463
679 411
680 427
681 64
682 7
683 686
684 628
685 409
686 31
687 236
688 515
689 15
690 255
691 218
692 73
693 25
694 565
695 600
696 330
697 489
698 8
699 800
700 88
701 617
702 68
703 538
704 636
705 55
706 515
707 648
708 15
709 233
710 370
711 488
712 790
713 266
714 742
715 665
716 394
717 51
718 261
719 598
720 106
721 584
722 548
723 140
724 738
725 543
726 605
727 208
728 753
729 542
730 261
731 413
732 516
733 47
734 73
735 81
736 15
737 449
738 514
739 725
740 169
741 411
742 729
743 350
744 760
745 270
746 100
747 790
748 383
749 755
750 624
751 135
752 710
753 764
754 627
755 365
756 158
757 795
758 420
759 37
760 413
761 671
762 220
763 393
764 464
765 297
766 129
767 88
768 757
769 561
770 229
771 644
772 339
773 4
774 4
775 778
776 612
777 435
778 606
779 84
780 36
781 693
782 132
783 618
784 185
785 247
786 558
787 80
788 238
789 186
790 692
791 497
792 147
793 378
794 490
795 502
796 270
797 387
798 478
799 184
800 162
801 395
802 104
803 475
804 548
308
375
682
173
260
424
359
670
233
598
73
643
240
259
193
331
698
706
722
771
282
776
587
189
134
165
24
139
650
56
760
191
174
41
779
32
81
437
8
785
2
179
615
164
5
270
320
503
676
386
27
115
732
728
124
271
201
721
338
360
673
796
125
405
225
768
774
738
417
455
795
278
176
659
159
415
781
624
30
653
516
619
571
199
239
561
545
759
384
390
150
79
575
230
632
631
220
186
411
704
726
290
541
422
395
478
94
421
534
25
3
570
674
398
349
15
794
358
53
562
317
141
802
462
216
40
21
764
48
116
264
472
203
37
600
798
489
688
253
91
581
685
720
98
756
770
711
456
113
166
391
477
679
748
46
123
577
661
569
148
219
805
637
772
371
78
483
621
88
540
104
129
589
393
440
681
446
207
196
729
601
724
372
300
293
563
376
168
457
553
715
181
438
11
543
804
560
223
291
74
504
751
332
753
546
345
369
428
247
380
170
59
232
429
782
584
669
382
517
556
292
469
585
342
709
334
596
645
38
347
416
539
178
211
51
127
789
442
70
502
766
628
739
235
533
512
494
520
310
574
479
213
522
746
97
111
356
695
65
754
736
297
591
761
427
460
296
258
95
481
182
801
13
752
145
425
9
322
419
530
313
461
476
741
337
381
406
237
309
364
266
396
618
514
92
315
630
654
687
657
642
128
84
387
286
7
501
744
61
788
697
521
466
500
719
370
491
135
689
283
265
488
301
475
463
559
136
607
622
366
474
161
430
734
26
327
149
82
146
287
464
205
439
114
348
273
87
96
281
93
157
484
4
275
374
55
153
609
42
635
803
221
276
666
505
397
117
554
757
17
450
519
614
702
272
480
418
579
243
311
192
705
353
453
402
606
786
508
773
241
588
245
496
255
775
109
355
47
451
388
646
602
611
420
18
202
132
413
627
169
19
195
566
712
20
498
351
389
664
254
592
175
184
582
636
22
410
749
144
426
234
762
767
678
549
551
495
101
740
336
62
409
640
441
180
172
433
727
699
671
323
547
743
23
140
608
525
16
793
76
655
158
267
325
448
339
103
249
783
604
274
693
171
486
707
75
595
572
683
658
675
703
434
634
565
458
647
680
662
379
350
718
185
690
257
555
324
268
758
130
700
536
285
167
121
250
45
357
29
256
156
641
90
400
314
194
222
578
344
49
694
228
385
12
118
731
392
552
583
54
594
35
319
294
367
527
188
590
210
445
50
288
99
672
799
511
529
138
638
107
537
414
668
86
717
31
34
263
524
298
449
737
262
318
750
787
206
465
187
110
510
593
667
33
67
190
765
60
326
280
617
490
28
361
162
558
644
214
133
1
152
538
340
725
305
423
365
362
714
208
432
597
616
335
660
431
507
261
330
52
142
100
122
473
573
154
684
44
612
567
77
620
10
307
576
557
160
769
215
217
542
733
780
454
248
696
120
277
69
197
131
444
580
64
532
85
777
209
509
102
72
119
610
639
236
163
468
143
648
701
515
713
295
755
467
436
6
39
105
177
126
550
312
791
200
394
626
797
599
80
378
246
226
778
404
279
603
499
544
535
691
497
43
36
629
548
784
83
403
229
252
68
66
763
677
730
14
613
526
284
321
485
316
147
710
302
368
735
306
242
408
183
231
745
289
716
218
443
656
352
459
633
651
238
108
407
151
89
251
747
686
401
304
723
586
708
198
605
377
471
447
623
137
155
412
303
341
470
299
492
792
212
227
568
