2067 1514
1 1118
2 140
3 232
4 2060
5 604
6 182
7 1710
8 791
9 1256
10 1311
11 1658
12 1868
13 324
14 1632
15 1703
16 177
17 1282
18 1890
19 1455
20 830
21 1749
22 116
23 456
24 1915
25 1236
26 477
27 124
28 1699
29 100
30 271
31 106
32 1418
33 533
34 1274
35 138
36 1283
37 784
38 1205
39 1020
40 919
41 1059
42 852
43 1361
44 702
45 488
46 18
47 633
48 628
49 473
50 1002
51 1612
52 487
53 856
54 1073
55 1636
56 1604
57 2034
58 955
59 1362
60 1094
61 2043
62 917
63 1496
64 1087
65 1927
66 615
67 2016
68 1673
69 620
70 1561
71 367
72 757
73 1505
74 171
75 826
76 484
77 18
78 890
79 1518
80 475
81 2024
82 795
83 1106
84 1200
85 396
86 10
87 181
88 169
89 388
90 1192
91 56
92 969
93 1465
94 160
95 1213
96 1250
97 40
98 620
99 403
100 1717
101 396
102 374
103 1214
104 1375
105 445
106 911
107 1256
108 2048
109 414
110 1672
111 197
112 1994
113 1237
114 713
115 1339
116 316
117 1825
118 2039
119 1692
120 218
121 1790
122 680
123 1030
124 658
125 1035
126 458
127 1430
128 1038
129 555
130 692
131 1247
132 376
133 89
134 47
135 1664
136 1088
137 2
138 291
139 1677
140 1358
141 244
142 871
143 13
144 25
145 1068
146 739
147 1918
148 531
149 1250
150 856
151 718
152 1569
153 1304
154 412
155 1517
156 975
157 980
158 1819
159 2004
160 758
161 1723
162 959
163 1116
164 948
165 532
166 1021
167 2025
168 979
169 1256
170 189
171 1514
172 344
173 1282
174 207
175 1831
176 868
177 1199
178 1323
179 13
180 944
181 524
182 1461
183 1523
184 62
185 918
186 1746
187 1671
188 1235
189 670
190 1300
191 119
192 411
193 487
194 1604
195 372
196 936
197 897
198 1259
199 1531
200 1228
201 391
202 1224
203 768
204 1505
205 1376
206 539
207 1404
208 1837
209 529
210 1545
211 1287
212 1952
213 1451
214 1301
215 702
216 1145
217 1459
218 74
219 1127
220 164
221 336
222 756
223 1213
224 1946
225 1990
226 1481
227 1871
228 355
229 698
230 1631
231 1202
232 100
233 1319
234 1959
235 1337
236 1221
237 2041
238 94
239 1769
240 658
241 1975
242 816
243 1223
244 952
245 1447
246 334
247 1378
248 1377
249 596
250 2066
251 123
252 1814
253 1289
254 760
255 532
256 1615
257 1714
258 94
259 1186
260 1400
261 63
262 286
263 272
264 709
265 957
266 1167
267 693
268 648
269 1126
270 79
271 315
272 197
273 1663
274 611
275 1634
276 551
277 1983
278 907
279 1208
280 602
281 1409
282 616
283 1702
284 1504
285 505
286 738
287 278
288 527
289 1517
290 1344
291 1103
292 1115
293 1777
294 634
295 1965
296 207
297 234
298 649
299 1109
300 748
301 342
302 669
303 966
304 435
305 453
306 424
307 1628
308 1433
309 168
310 1354
311 1253
312 417
313 1151
314 820
315 1817
316 90
317 971
318 692
319 283
320 661
321 1736
322 1305
323 1903
324 1315
325 424
326 624
327 2048
328 4
329 1767
330 1874
331 1968
332 963
333 1500
334 1796
335 1107
336 1431
337 369
338 310
339 1382
340 817
341 1400
342 297
343 1323
344 292
345 1939
346 26
347 1795
348 2064
349 793
350 1634
351 1084
352 1992
353 1633
354 956
355 1742
356 1245
357 1030
358 1989
359 495
360 1306
361 502
362 1218
363 1058
364 1547
365 1792
366 1139
367 1856
368 142
369 1293
370 1238
371 179
372 1469
373 846
374 198
375 1994
376 1904
377 589
378 1633
379 1648
380 1256
381 665
382 550
383 1228
384 16
385 74
386 419
387 1960
388 690
389 917
390 1261
391 1010
392 1557
393 1294
394 1733
395 500
396 1298
397 1687
398 2014
399 1415
400 1655
401 432
402 1382
403 1310
404 739
405 2023
406 1341
407 196
408 1630
409 576
410 1599
411 1820
412 1722
413 996
414 1694
415 1757
416 2059
417 1454
418 1277
419 256
420 1693
421 1633
422 553
423 904
424 1433
425 131
426 375
427 414
428 1779
429 1894
430 1519
431 1350
432 1595
433 1351
434 62
435 1328
436 1893
437 1691
438 1106
439 1896
440 140
441 848
442 1821
443 557
444 212
445 1521
446 18
447 427
448 1696
449 1319
450 1150
451 1362
452 309
453 939
454 274
455 1847
456 546
457 1513
458 1604
459 576
460 484
461 969
462 655
463 731
464 135
465 1016
466 1859
467 907
468 1228
469 1517
470 1542
471 1247
472 460
473 177
474 404
475 1405
476 1390
477 869
478 730
479 1607
480 497
481 176
482 1845
483 864
484 1867
485 1908
486 528
487 108
488 1407
489 1315
490 1616
491 1738
492 578
493 2017
494 1288
495 667
496 1736
497 1179
498 1024
499 1951
500 1309
501 353
502 1429
503 601
504 1655
505 1343
506 746
507 272
508 1315
509 1723
510 1909
511 1879
512 283
513 1068
514 1437
515 1964
516 598
517 281
518 152
519 955
520 1940
521 1393
522 1938
523 200
524 578
525 101
526 854
527 474
528 502
529 470
530 208
531 1797
532 1221
533 611
534 838
535 1468
536 343
537 465
538 2035
539 1697
540 1303
541 1950
542 320
543 2065
544 1973
545 983
546 1125
547 915
548 647
549 1818
550 362
551 783
552 1826
553 408
554 1348
555 1357
556 124
557 1516
558 720
559 1837
560 2056
561 388
562 910
563 1283
564 274
565 796
566 299
567 855
568 1263
569 1463
570 1315
571 1036
572 1652
573 1888
574 1773
575 755
576 1059
577 2027
578 1082
579 871
580 693
581 569
582 1442
583 551
584 912
585 440
586 59
587 1532
588 1961
589 933
590 1100
591 338
592 546
593 644
594 1464
595 959
596 1393
597 474
598 1155
599 558
600 1818
601 133
602 1143
603 1772
604 10
605 1375
606 2061
607 1156
608 858
609 970
610 167
611 1347
612 1066
613 513
614 194
615 1396
616 158
617 585
618 1430
619 1374
620 1017
621 878
622 531
623 1451
624 749
625 554
626 68
627 1803
628 1560
629 248
630 586
631 1681
632 564
633 2066
634 457
635 1516
636 1690
637 1304
638 1286
639 1478
640 397
641 1765
642 704
643 1056
644 730
645 312
646 1037
647 1445
648 1726
649 322
650 1783
651 1157
652 69
653 737
654 452
655 1132
656 943
657 1616
658 1362
659 240
660 1359
661 1834
662 915
663 632
664 1985
665 162
666 1321
667 2023
668 666
669 1628
670 1567
671 630
672 159
673 1164
674 111
675 329
676 31
677 638
678 1855
679 1161
680 1344
681 1583
682 1198
683 653
684 1098
685 562
686 1003
687 1861
688 188
689 2
690 876
691 180
692 1033
693 218
694 1824
695 1566
696 81
697 1897
698 276
699 1258
700 581
701 1342
702 398
703 1042
704 1918
705 1013
706 646
707 1093
708 265
709 436
710 1942
711 1838
712 142
713 863
714 987
715 597
716 511
717 66
718 591
719 180
720 1168
721 1367
722 461
723 370
724 588
725 1890
726 1576
727 1431
728 1042
729 638
730 1575
731 1217
732 69
733 1015
734 1382
735 45
736 953
737 1441
738 785
739 1617
740 854
741 1751
742 996
743 352
744 539
745 1737
746 724
747 1873
748 1905
749 2042
750 2013
751 1464
752 559
753 1123
754 720
755 1890
756 922
757 1862
758 1589
759 1959
760 849
761 1594
762 1547
763 1298
764 497
765 1584
766 52
767 1852
768 177
769 1430
770 332
771 1070
772 1860
773 1922
774 1001
775 984
776 77
777 1080
778 1743
779 1842
780 1785
781 307
782 18
783 1817
784 1124
785 1971
786 1843
787 1707
788 1466
789 30
790 930
791 1072
792 763
793 670
794 630
795 1428
796 331
797 2009
798 2010
799 1830
800 97
801 635
802 898
803 827
804 1937
805 1299
806 48
807 1488
808 1569
809 361
810 826
811 562
812 892
813 1508
814 465
815 210
816 1474
817 1980
818 872
819 1345
820 406
821 1583
822 1499
823 1229
824 808
825 252
826 308
827 1939
828 944
829 1890
830 2012
831 1940
832 485
833 443
834 1337
835 916
836 1126
837 1938
838 1961
839 1164
840 1627
841 325
842 585
843 861
844 306
845 1131
846 589
847 1574
848 1090
849 152
850 604
851 748
852 208
853 1784
854 804
855 1360
856 1566
857 1663
858 1391
859 1360
860 317
861 1102
862 1445
863 581
864 21
865 649
866 1161
867 1434
868 418
869 1000
870 1850
871 137
872 1614
873 746
874 1127
875 1562
876 608
877 1068
878 496
879 1340
880 819
881 595
882 1819
883 424
884 1855
885 668
886 951
887 1531
888 1492
889 897
890 1437
891 348
892 782
893 679
894 708
895 2010
896 1084
897 1562
898 720
899 550
900 465
901 1378
902 2014
903 1112
904 1588
905 1667
906 47
907 661
908 207
909 699
910 158
911 342
912 1656
913 1759
914 1791
915 1187
916 1790
917 1866
918 154
919 1101
920 1044
921 428
922 805
923 1352
924 34
925 1676
926 1198
927 600
928 1182
929 2058
930 1581
931 1361
932 1297
933 421
934 637
935 993
936 1289
937 1287
938 345
939 1362
940 1259
941 698
942 1236
943 1555
944 1079
945 1791
946 1890
947 1100
948 827
949 219
950 1010
951 1985
952 1534
953 354
954 53
955 1806
956 1412
957 133
958 1103
959 1595
960 262
961 1159
962 1464
963 734
964 624
965 1325
966 535
967 320
968 947
969 1619
970 1748
971 168
972 1599
973 1781
974 1884
975 1634
976 193
977 899
978 1293
979 72
980 460
981 162
982 279
983 475
984 900
985 1286
986 807
987 738
988 2057
989 1103
990 543
991 161
992 1798
993 1545
994 574
995 1814
996 1541
997 1674
998 992
999 1666
1000 1501
1001 331
1002 850
1003 1948
1004 442
1005 2007
1006 1779
1007 1698
1008 1863
1009 1256
1010 156
1011 1582
1012 1405
1013 444
1014 2061
1015 647
1016 127
1017 798
1018 593
1019 595
1020 1858
1021 884
1022 1878
1023 1235
1024 634
1025 1835
1026 1851
1027 1549
1028 535
1029 486
1030 518
1031 593
1032 282
1033 1118
1034 1837
1035 199
1036 1196
1037 611
1038 547
1039 1550
1040 1466
1041 36
1042 193
1043 1242
1044 1691
1045 74
1046 1707
1047 1231
1048 1957
1049 221
1050 530
1051 83
1052 983
1053 1699
1054 1948
1055 732
1056 191
1057 1289
1058 882
1059 1706
1060 1074
1061 1401
1062 1729
1063 1732
1064 84
1065 884
1066 935
1067 749
1068 1374
1069 1529
1070 1631
1071 1441
1072 506
1073 1691
1074 1482
1075 714
1076 2022
1077 244
1078 1882
1079 1080
1080 1404
1081 1021
1082 1727
1083 1825
1084 413
1085 1339
1086 882
1087 2039
1088 394
1089 1602
1090 640
1091 142
1092 471
1093 323
1094 557
1095 1009
1096 1394
1097 1480
1098 1696
1099 1990
1100 862
1101 1930
1102 1740
1103 612
1104 1034
1105 658
1106 1823
1107 1892
1108 1177
1109 147
1110 433
1111 1724
1112 35
1113 1392
1114 168
1115 427
1116 172
1117 1424
1118 217
1119 1169
1120 1131
1121 65
1122 658
1123 980
1124 1167
1125 1651
1126 874
1127 1041
1128 571
1129 412
1130 482
1131 1552
1132 1777
1133 684
1134 1339
1135 1241
1136 30
1137 1967
1138 1092
1139 787
1140 1733
1141 1824
1142 585
1143 1698
1144 1052
1145 1356
1146 1825
1147 680
1148 267
1149 990
1150 765
1151 637
1152 313
1153 1269
1154 1215
1155 395
1156 980
1157 1013
1158 1650
1159 96
1160 1444
1161 1907
1162 996
1163 1026
1164 656
1165 72
1166 1129
1167 487
1168 591
1169 224
1170 1379
1171 126
1172 1922
1173 162
1174 1604
1175 148
1176 1360
1177 246
1178 1113
1179 11
1180 1209
1181 1152
1182 1631
1183 1529
1184 815
1185 1295
1186 1196
1187 2062
1188 778
1189 1675
1190 1662
1191 192
1192 851
1193 1342
1194 212
1195 683
1196 292
1197 191
1198 1120
1199 1046
1200 1782
1201 620
1202 857
1203 936
1204 1149
1205 1501
1206 1946
1207 1499
1208 943
1209 436
1210 1986
1211 1097
1212 874
1213 496
1214 1341
1215 553
1216 214
1217 1823
1218 1974
1219 1197
1220 101
1221 943
1222 430
1223 393
1224 728
1225 67
1226 2004
1227 1310
1228 202
1229 1318
1230 1244
1231 955
1232 496
1233 1996
1234 537
1235 1705
1236 1649
1237 148
1238 318
1239 357
1240 532
1241 1626
1242 1536
1243 471
1244 1519
1245 598
1246 1471
1247 1052
1248 491
1249 1037
1250 1495
1251 1888
1252 622
1253 543
1254 897
1255 802
1256 2015
1257 1357
1258 268
1259 261
1260 239
1261 458
1262 1020
1263 843
1264 62
1265 266
1266 948
1267 1755
1268 809
1269 753
1270 1736
1271 882
1272 576
1273 1789
1274 1029
1275 262
1276 112
1277 1695
1278 1902
1279 1066
1280 342
1281 402
1282 1570
1283 778
1284 1148
1285 1846
1286 554
1287 1753
1288 1974
1289 534
1290 1387
1291 1379
1292 316
1293 1270
1294 965
1295 2023
1296 1049
1297 204
1298 553
1299 1525
1300 1529
1301 1262
1302 2049
1303 842
1304 792
1305 1422
1306 1575
1307 2027
1308 2046
1309 600
1310 1096
1311 1889
1312 416
1313 1196
1314 695
1315 1492
1316 1476
1317 1331
1318 379
1319 943
1320 1591
1321 156
1322 1246
1323 1786
1324 1262
1325 46
1326 904
1327 403
1328 1334
1329 775
1330 2024
1331 1484
1332 837
1333 461
1334 160
1335 688
1336 73
1337 1399
1338 213
1339 96
1340 1533
1341 1048
1342 1431
1343 1201
1344 902
1345 891
1346 408
1347 1661
1348 1983
1349 860
1350 177
1351 921
1352 495
1353 1299
1354 460
1355 1380
1356 663
1357 211
1358 147
1359 738
1360 1628
1361 105
1362 1732
1363 152
1364 1547
1365 2015
1366 1732
1367 698
1368 1531
1369 1727
1370 566
1371 762
1372 1268
1373 959
1374 315
1375 135
1376 1003
1377 1744
1378 1249
1379 495
1380 1260
1381 1427
1382 184
1383 480
1384 1540
1385 1323
1386 1659
1387 492
1388 1503
1389 799
1390 904
1391 1723
1392 864
1393 1704
1394 1695
1395 244
1396 676
1397 1889
1398 976
1399 729
1400 1595
1401 90
1402 1866
1403 691
1404 133
1405 1555
1406 805
1407 841
1408 1821
1409 1649
1410 1941
1411 1816
1412 1242
1413 1516
1414 1553
1415 514
1416 225
1417 926
1418 1222
1419 1983
1420 728
1421 277
1422 810
1423 2018
1424 1
1425 782
1426 984
1427 628
1428 712
1429 59
1430 444
1431 1270
1432 819
1433 1754
1434 1517
1435 2066
1436 1081
1437 542
1438 247
1439 1427
1440 979
1441 500
1442 1354
1443 824
1444 406
1445 18
1446 462
1447 1017
1448 163
1449 958
1450 18
1451 834
1452 820
1453 26
1454 1222
1455 1246
1456 1944
1457 1044
1458 99
1459 354
1460 1068
1461 964
1462 6
1463 1080
1464 1268
1465 1491
1466 375
1467 228
1468 163
1469 975
1470 665
1471 212
1472 291
1473 1212
1474 221
1475 1302
1476 587
1477 2034
1478 494
1479 1299
1480 1312
1481 1563
1482 1269
1483 887
1484 1612
1485 76
1486 315
1487 1733
1488 920
1489 731
1490 1269
1491 1276
1492 1130
1493 1199
1494 440
1495 1154
1496 832
1497 1199
1498 1685
1499 1980
1500 275
1501 1651
1502 83
1503 619
1504 338
1505 912
1506 1234
1507 1561
1508 862
1509 1050
1510 157
1511 1375
1512 1395
1513 1845
1514 1725
1515 391
1516 911
1517 1315
1518 258
1519 1674
1520 1739
1521 1594
1522 2022
1523 1185
1524 1304
1525 1347
1526 525
1527 233
1528 1977
1529 1164
1530 324
1531 92
1532 1313
1533 635
1534 1567
1535 1000
1536 1432
1537 321
1538 133
1539 1578
1540 905
1541 188
1542 135
1543 17
1544 2028
1545 2051
1546 1686
1547 1506
1548 1389
1549 1411
1550 215
1551 75
1552 1150
1553 1575
1554 353
1555 95
1556 2008
1557 1881
1558 1347
1559 663
1560 1897
1561 1299
1562 1549
1563 664
1564 1140
1565 1398
1566 413
1567 1898
1568 1931
1569 1119
1570 784
1571 1248
1572 2026
1573 891
1574 1422
1575 1300
1576 1568
1577 159
1578 724
1579 1860
1580 1711
1581 221
1582 1149
1583 140
1584 841
1585 1516
1586 854
1587 1550
1588 1854
1589 47
1590 1309
1591 815
1592 1351
1593 816
1594 1688
1595 81
1596 1403
1597 2001
1598 1409
1599 1633
1600 1223
1601 1942
1602 880
1603 2058
1604 2002
1605 1120
1606 1365
1607 574
1608 962
1609 328
1610 1712
1611 2014
1612 1402
1613 93
1614 1740
1615 929
1616 1972
1617 1197
1618 229
1619 1055
1620 1205
1621 815
1622 79
1623 1517
1624 374
1625 1585
1626 1067
1627 1994
1628 1124
1629 2050
1630 1271
1631 838
1632 701
1633 80
1634 1491
1635 1966
1636 1489
1637 1113
1638 1752
1639 348
1640 1051
1641 1280
1642 1216
1643 560
1644 409
1645 1287
1646 246
1647 1594
1648 671
1649 1400
1650 349
1651 452
1652 993
1653 1738
1654 110
1655 850
1656 1041
1657 155
1658 1610
1659 962
1660 520
1661 297
1662 700
1663 32
1664 1857
1665 1485
1666 1337
1667 875
1668 423
1669 1816
1670 843
1671 1749
1672 887
1673 1790
1674 1432
1675 1538
1676 1262
1677 515
1678 1647
1679 163
1680 877
1681 1118
1682 609
1683 1041
1684 1506
1685 152
1686 1834
1687 806
1688 377
1689 230
1690 500
1691 939
1692 568
1693 413
1694 824
1695 400
1696 83
1697 1158
1698 1811
1699 793
1700 1987
1701 1405
1702 121
1703 39
1704 216
1705 8
1706 1579
1707 1828
1708 1957
1709 1591
1710 1693
1711 1618
1712 1378
1713 937
1714 249
1715 1457
1716 493
1717 1968
1718 1881
1719 1048
1720 1721
1721 1472
1722 1334
1723 2003
1724 1377
1725 1597
1726 144
1727 640
1728 296
1729 542
1730 1254
1731 947
1732 246
1733 904
1734 1789
1735 806
1736 328
1737 512
1738 827
1739 974
1740 285
1741 2
1742 1415
1743 1307
1744 1640
1745 1377
1746 1545
1747 125
1748 246
1749 353
1750 9
1751 1887
1752 462
1753 775
1754 335
1755 1127
1756 1124
1757 892
1758 1955
1759 1879
1760 887
1761 325
1762 1635
1763 229
1764 345
1765 1634
1766 1654
1767 1144
1768 1599
1769 1803
1770 991
1771 198
1772 990
1773 1271
1774 12
1775 118
1776 692
1777 1486
1778 1669
1779 133
1780 1666
1781 1966
1782 1138
1783 1156
1784 2032
1785 1857
1786 1673
1787 394
1788 2050
1789 1315
1790 612
1791 477
1792 1852
1793 1859
1794 1923
1795 1396
1796 1816
1797 1620
1798 1247
1799 865
1800 186
1801 652
1802 2012
1803 1233
1804 1403
1805 1192
1806 481
1807 1057
1808 1547
1809 1553
1810 269
1811 1822
1812 946
1813 504
1814 2065
1815 847
1816 1502
1817 1377
1818 317
1819 496
1820 1772
1821 526
1822 487
1823 1664
1824 423
1825 92
1826 1278
1827 150
1828 1459
1829 1534
1830 2056
1831 1408
1832 1685
1833 957
1834 102
1835 880
1836 424
1837 93
1838 2038
1839 495
1840 868
1841 866
1842 1365
1843 1236
1844 1682
1845 960
1846 1518
1847 294
1848 573
1849 1075
1850 1099
1851 1924
1852 849
1853 508
1854 264
1855 1594
1856 1775
1857 2067
1858 1067
1859 664
1860 1638
1861 136
1862 505
1863 1486
1864 1920
1865 1602
1866 715
1867 1964
1868 1179
1869 552
1870 604
1871 608
1872 217
1873 1517
1874 1099
1875 1777
1876 35
1877 1566
1878 1254
1879 1410
1880 684
1881 897
1882 393
1883 1690
1884 356
1885 576
1886 324
1887 1305
1888 341
1889 1561
1890 1811
1891 1035
1892 525
1893 1540
1894 1725
1895 1111
1896 1794
1897 1620
1898 1243
1899 2015
1900 1102
1901 738
1902 1269
1903 2057
1904 224
1905 2058
1906 1618
1907 180
1908 499
1909 1699
1910 160
1911 587
1912 1422
1913 778
1914 725
1915 1554
1916 464
1917 1828
1918 83
1919 1244
1920 546
1921 1367
1922 1722
1923 214
1924 136
1925 116
1926 197
1927 1065
1928 643
1929 1378
1930 2031
1931 1138
1932 1991
1933 1035
1934 1152
1935 2038
1936 1440
1937 249
1938 1596
1939 1136
1940 1042
1941 235
1942 193
1943 662
1944 1673
1945 116
1946 1136
1947 352
1948 1706
1949 1620
1950 1503
1951 264
1952 1059
1953 854
1954 1223
1955 313
1956 1649
1957 856
1958 730
1959 462
1960 1493
1961 1062
1962 432
1963 475
1964 141
1965 1138
1966 521
1967 1442
1968 772
1969 1241
1970 1426
1971 300
1972 1013
1973 1741
1974 2013
1975 1677
1976 660
1977 1635
1978 665
1979 982
1980 1029
1981 123
1982 41
1983 1938
1984 750
1985 1518
1986 1387
1987 971
1988 1870
1989 1542
1990 1200
1991 1648
1992 150
1993 1462
1994 1822
1995 29
1996 947
1997 1125
1998 926
1999 1519
2000 823
2001 1900
2002 500
2003 390
2004 1167
2005 1836
2006 1687
2007 1621
2008 1899
2009 1653
2010 415
2011 1109
2012 1289
2013 210
2014 1092
2015 76
2016 1320
2017 1200
2018 114
2019 1471
2020 1103
2021 2000
2022 1671
2023 544
2024 1296
2025 1544
2026 1570
2027 847
2028 1429
2029 220
2030 1949
2031 241
2032 883
2033 1395
2034 370
2035 789
2036 1951
2037 1664
2038 1324
2039 194
2040 1785
2041 689
2042 1834
2043 990
2044 240
2045 1202
2046 718
2047 549
2048 1383
2049 671
2050 1083
2051 41
2052 1964
2053 807
2054 1736
2055 278
2056 4
2057 384
2058 1654
2059 590
2060 522
2061 7
2062 189
2063 725
2064 159
2065 1612
2066 1647
653
1986
694
1784
997
1157
1024
1378
1070
597
924
558
2025
867
662
1592
931
1778
704
50
1233
1139
1201
959
46
990
1152
1258
1521
1143
692
1887
231
1341
13
911
677
880
1148
1418
1107
1774
1385
87
805
1709
774
280
1613
296
1579
1375
618
1528
163
912
1439
241
513
3
1569
1297
2063
52
1996
1612
278
80
1181
174
1811
1652
477
556
1772
921
546
1960
1536
242
69
1044
113
276
1485
503
214
847
974
17
1728
1206
472
258
1818
1615
1202
161
117
713
1829
1827
962
466
1241
309
844
892
1450
752
757
767
610
1978
1670
1096
862
1570
375
1389
1362
1980
1447
552
1468
1865
1238
955
1058
1322
186
1950
1475
471
1399
1907
1085
1351
143
121
1438
2036
33
65
107
1758
1113
406
366
189
137
1340
874
1770
864
1653
426
898
385
735
843
2032
244
636
584
1394
1607
372
933
1460
1002
824
818
1382
674
1938
1962
162
723
410
114
1080
1462
562
1194
1747
1823
333
2007
1737
1286
851
9
304
130
1272
1405
273
1622
2054
412
1049
1200
1166
1435
934
661
583
2053
58
2023
788
337
478
490
1640
263
1477
434
486
1004
415
2050
254
614
845
368
139
1213
1966
1937
1414
738
772
831
344
2033
932
1735
1144
1494
785
573
451
1773
491
398
220
2056
586
1250
1589
545
1379
1331
1894
792
538
1961
1215
248
1868
2049
1006
259
334
1859
1007
1790
12
1673
896
409
736
975
822
542
830
1093
582
1169
529
187
376
1916
902
1922
756
1699
526
1919
1334
827
615
1874
732
504
1374
495
1557
1753
2062
2004
1111
1287
570
1333
1256
371
349
363
417
119
340
1332
1496
2014
194
133
1199
269
441
64
164
1586
665
945
1656
1530
840
448
1869
1350
431
1539
1170
1228
1701
56
638
118
726
157
1733
1997
346
1156
740
436
142
837
678
1751
1590
596
76
1292
930
369
603
791
1079
2017
1254
1396
1458
982
929
566
1531
264
8
1619
834
379
1669
1856
1234
1585
1599
1551
1534
2011
454
1930
1319
733
1552
1493
2002
1830
1977
1913
1207
1132
1249
1498
747
1141
384
1225
823
1635
1318
1392
383
326
857
400
502
919
744
1022
1162
1934
1671
1767
1060
1295
1727
1304
1678
913
1499
1246
1183
799
14
561
38
1134
1895
2039
969
1621
1518
517
949
712
2027
1873
1335
602
240
1320
6
858
2035
1430
1266
1866
1349
686
1582
1278
1437
1535
1917
926
156
395
1492
129
467
1131
1620
2057
149
1819
1510
908
1067
802
1995
1525
1555
1920
145
905
2061
1087
1289
1324
1888
766
1973
48
1149
166
414
1632
833
1081
1742
228
524
1326
1660
907
768
1313
83
1878
624
196
1190
1876
1598
1237
380
1479
39
1740
1245
1793
1803
666
1165
173
688
983
1376
1611
2041
27
1562
427
1030
421
1754
1328
1647
685
1862
1752
1791
1571
452
2015
1573
1353
1602
7
1540
1307
62
1095
53
1223
1955
299
1712
1595
654
1897
1708
438
1627
146
79
127
1580
978
2008
419
1689
581
1284
297
605
828
1224
1945
1594
2055
1587
123
750
1513
75
251
172
594
801
967
291
204
86
328
1273
1847
1991
1825
925
953
1958
92
1614
51
754
193
559
873
917
89
1983
998
1218
373
198
564
1428
627
551
1283
2012
1538
510
416
159
547
809
966
1999
1473
1860
1269
459
1469
1048
483
904
2042
1171
1309
1288
1124
565
1012
2066
1417
440
26
109
505
474
1695
1685
848
500
1274
923
1046
1564
1777
1185
1703
177
640
1155
81
935
5
884
1408
1910
681
986
1459
527
1000
155
1346
675
54
1617
124
1429
2019
1757
1736
418
45
1912
208
951
446
992
312
362
1016
216
1903
557
1339
1676
1906
1764
1908
664
433
1789
1657
1682
1846
1456
576
345
1892
1787
23
1424
1443
889
2038
1642
619
1355
569
1858
1027
351
887
1135
1914
1084
339
1082
1057
952
1697
367
553
1383
1133
1257
447
497
199
1229
1968
657
1542
1488
464
1871
731
481
841
1106
1236
105
2003
1927
1251
1848
444
1909
287
1427
540
482
691
957
589
1524
1189
1138
1918
859
511
956
658
1743
1164
860
1086
580
1065
825
95
1484
1554
909
771
1422
122
1089
794
1649
445
1864
521
797
1504
810
1476
1025
1122
670
1952
341
1226
1755
1662
1125
739
1230
1367
1128
84
549
1799
343
235
646
1527
391
943
1253
1948
1526
893
1489
1277
268
1008
120
1072
1010
1688
1160
1066
381
324
609
1698
361
1059
1593
1377
1020
1013
1715
628
1104
1780
1448
1786
175
1480
480
1419
1505
1765
560
649
714
1626
2052
1018
90
938
1481
354
1798
493
821
1472
869
1761
234
1248
1808
1352
751
2026
1716
314
1178
1342
776
1153
958
1425
1575
1942
1857
1781
387
985
1329
1083
43
1889
1853
773
1824
132
1370
496
1666
2065
1832
1675
202
652
1255
572
1343
729
742
1609
1019
968
479
1870
318
878
206
1915
1075
1280
1572
695
169
1597
1009
10
322
1775
185
270
182
144
1433
457
302
1809
2010
1296
1454
616
288
260
1180
1338
710
2060
1646
1051
413
141
256
1208
1431
1812
1581
753
1566
207
184
574
1311
2047
2048
1502
599
1723
783
330
389
110
1748
4
423
1209
498
1452
1275
1797
850
1928
2024
903
761
153
396
1381
647
1875
435
1768
972
1045
1759
1407
411
1981
165
816
320
1661
1404
727
705
1684
293
641
1303
1175
1982
1926
1159
984
829
85
536
1068
879
2020
987
1092
59
1965
650
1851
1344
2006
1130
1271
1053
728
2016
1014
1011
555
285
1039
1746
622
918
655
321
606
405
399
1559
1654
160
1310
1325
1406
1807
1365
910
2043
71
1336
1486
1390
1730
1005
1628
1031
554
1545
1816
1432
807
1835
455
1750
1015
484
1623
1988
669
29
16
306
1115
1302
1931
1720
817
1416
568
1137
1397
1400
1692
778
762
425
635
1261
634
1731
1904
2
295
266
316
1711
1891
1560
284
176
1762
1516
1393
1109
758
1360
1664
1717
290
721
977
108
1549
577
1659
672
906
134
991
996
1268
408
1634
1749
191
453
1440
1795
1606
1616
591
1537
1896
942
684
730
1782
1073
271
590
1040
2058
1449
1556
1836
1810
630
2051
1543
1971
1384
150
1077
1412
1745
2028
181
245
1466
1078
1323
22
800
1193
1167
265
499
317
1637
1822
1471
249
671
519
1990
1401
508
1584
1639
461
888
795
928
487
1574
274
1722
1861
718
1290
514
1766
192
217
360
1465
253
99
492
1203
1935
347
1211
112
282
793
995
1243
1680
518
697
625
28
891
871
954
1576
128
1932
233
2064
608
532
1514
21
364
680
93
1221
1533
1147
232
224
601
148
1802
1434
1252
1520
1345
428
789
1672
1893
812
2022
2009
1959
1359
770
55
1705
1195
660
327
215
1279
63
855
298
663
1301
1265
236
1123
358
70
1563
1
1998
281
1308
171
1126
35
743
402
1457
1398
1461
238
1386
183
2067
1446
587
1021
673
1119
781
420
1026
311
19
179
1905
1442
901
1222
877
798
443
1544
1650
1854
1260
168
1739
190
377
229
1667
604
696
1403
790
915
403
147
1192
1037
1507
1690
1029
1929
1145
607
1844
1924
1852
899
894
2000
158
950
575
1550
1843
1943
749
1052
1814
1921
462
1151
2044
1033
213
1100
711
2059
1885
617
1388
563
1371
188
970
702
1347
1267
1088
689
203
294
506
709
1034
1179
2018
613
356
741
835
1182
737
775
1188
787
225
11
1630
1618
1558
154
1517
378
656
25
1989
1756
530
1497
463
1421
1729
100
1975
1643
61
883
261
643
272
1042
1969
515
1834
1061
765
1624
700
96
1879
1186
976
424
489
916
852
1495
1094
1940
961
1116
1064
365
1291
1610
1567
1561
633
91
890
1063
359
494
1216
1076
1687
1413
1911
1633
1127
1974
706
1957
1826
1212
1515
308
979
1629
1828
390
632
1204
41
1603
1348
97
131
876
1700
946
868
257
621
1769
1902
1196
1714
1674
292
1491
1118
1820
222
1683
796
1734
1372
485
1176
1519
205
1455
1474
814
1247
1470
760
338
1509
429
1707
539
1956
1987
1300
1028
1813
870
140
1944
