160
3504
82023
25902
9656
60302
15044
47507
82589
40176
35706
3266
13535
49331
96002
79217
22128
81665
49418
75951
25351
71030
93975
25260
64262
61868
83915
67564
18718
42438
48140
97281
81793
5260
46543
5260
22777
47943
41581
47516
27855
4216
61761
47708
70964
99766
86136
97157
33829
60409
84482
50675
63794
61141
6525
29080
30844
93782
25387
29968
21058
48216
5386
17203
82767
47628
82353
6516
23817
51689
15874
89732
43554
43285
97123
43353
71594
44187
73445
48571
76871
62956
81373
9267
5145
64413
63486
92148
866
64182
81309
28879
70197
94068
26415
13944
45980
54475
74937
3920
22564
68577
26905
73958
38697
79632
21140
15473
1
87613
18855
65415
49119
4231
4717
41944
11212
16460
62775
23942
65247
87855
46513
52522
17395
94208
77196
51509
81880
85525
72776
60907
6705
89815
30770
52377
17001
25881
62903
49057
87041
72033
6682
3340
93556
45616
19690
95733
47535
84227
96034
5509
49508
83686
31245
69588
64146
40104
1819
89914
64056
