638
18697
71599
49732
81351
60147
74182
12921
18723
88840
36566
74011
63220
10347
92570
90572
34888
35857
28479
3788
59055
70598
46596
62301
20845
61267
89496
38839
99790
720
48561
34021
28067
6222
27315
43853
89436
58774
55206
52690
77609
15318
50686
1809
62553
83105
13780
75248
71160
76031
87846
39191
74746
56471
67775
68948
89983
2947
47637
98420
42189
33900
94618
30995
10273
60912
8066
57905
71192
40915
72548
40353
88437
46235
42079
25094
43826
73762
98976
79639
94826
70109
15323
52923
50634
58298
7580
89974
99421
13364
15636
55050
86425
49154
56401
46692
37990
46715
99065
20259
50177
75837
84203
68799
12244
35622
62144
51443
15069
67404
57376
65
2497
73928
75223
79529
59645
12339
54628
24641
96338
15402
36602
27766
76137
35287
61747
5105
61855
97318
32232
26738
96954
97285
73693
55799
18905
75238
10764
5518
5365
51114
26285
89389
86946
13111
8695
9333
21369
8437
4750
99489
12969
97845
85381
19142
78803
342
1398
67290
8014
72490
52692
73519
34657
37947
19692
5042
45812
7172
9064
18221
76662
4698
46975
74307
2050
51912
12720
33843
20124
36996
43121
41864
37794
40482
53813
16947
10049
74818
17378
61155
55560
39433
10283
15046
69553
88935
90659
92166
81576
61435
97163
40853
60594
16405
65566
97632
52729
87064
44119
16169
48021
60952
51391
78457
11726
64197
60986
20808
82970
39896
16371
36240
38975
79126
76062
46943
46615
84251
64464
75799
74714
18559
56927
84280
20296
23653
58903
85578
9889
66631
48556
86426
73034
12745
39809
58837
49306
6072
88485
93867
82444
80662
8103
43503
75573
17676
83802
13921
30083
10265
73018
33588
67340
97200
59727
83088
37220
78750
85436
40048
50362
33850
14544
62149
32062
16289
4354
3991
84895
19483
40652
39444
64450
64325
68718
40111
17941
82664
96503
42690
9034
40182
71902
23238
53857
66727
39189
84744
22949
39616
61096
55913
21849
95983
52445
93697
49000
33951
8866
79853
43863
99196
29837
2695
80383
43445
29156
19216
31379
84493
97892
99866
27947
93521
34996
68548
64648
84829
88948
63759
56019
85505
60179
63306
32861
18162
98476
34673
77803
38519
92172
95842
38779
31467
86650
97274
26371
84155
88536
64748
96343
22736
8928
74885
42268
20582
74108
70443
74771
60103
85405
60845
43731
57731
41221
94900
67659
42236
43713
37325
70550
10175
217
28399
90609
69137
95219
56992
17592
19378
52531
31196
35887
17483
29304
87911
98979
11924
83601
43011
37645
39659
35478
47076
8967
25387
97878
78196
26198
30624
88095
72959
70518
58469
43191
69517
74899
31735
53440
12477
87590
27058
96749
48395
68101
65689
3955
22748
42163
32831
10024
74536
43743
21716
49357
13049
2011
76070
34804
52808
89066
35155
19427
77353
30238
69292
77660
282
92974
30567
58237
92835
12589
33375
55112
51310
83555
22523
14559
84747
43570
82792
46741
13539
4286
93198
38257
83045
37362
31602
68532
12748
7427
90921
17386
21161
54569
76846
13693
89405
68124
18823
15806
52308
60816
40976
33233
34820
47742
7712
96041
83718
58186
79968
53560
79804
59933
92331
37174
54184
55548
88755
53352
73712
17959
35124
82521
5326
68765
60619
46991
16757
66797
66668
76879
21940
66809
82187
46798
33507
28516
36893
78078
41842
4794
70667
1358
423
14470
96244
52637
60594
9948
84971
32189
65361
82803
50922
90262
81493
11534
67358
16018
21905
44792
61343
96971
86228
30739
97245
84941
26438
48534
77957
51600
26577
71546
63816
41717
70823
93505
33563
35462
62561
78605
89085
12483
48614
54496
36276
69918
97414
53111
58041
84129
77648
18449
32261
21638
84790
42725
37517
98626
66950
62700
32399
60299
8573
46529
90436
1546
40807
28157
22014
78507
60698
1043
17051
67065
57925
65916
97803
8688
67361
38323
79846
46696
88549
60839
1105
96729
39023
32151
93723
14025
37438
60604
41665
17130
44578
73326
88111
2714
25584
63750
31013
39426
35100
40083
72660
60043
68574
45226
69615
80657
67537
54656
63132
63242
14474
22959
56927
3640
3760
41981
49156
70897
