292
93963
18501
45812
85350
31588
10463
6678
41808
93500
69270
88421
9505
68662
13265
97672
88948
55810
57175
808
56482
25316
43403
14565
19126
79920
56244
19567
43935
28075
57909
85966
46909
29066
3296
47338
8566
42599
61623
84112
68615
17212
97385
80997
40456
81645
40504
4239
77830
61218
6140
4018
20489
27304
8286
84870
43576
2141
48136
2764
36240
83509
48097
41301
39027
24210
45435
91474
76736
99840
55706
9535
33650
24965
65441
55717
31460
32644
16023
22941
86681
15107
96209
49069
44009
34476
69502
68898
4807
51538
24344
2792
95785
87885
50076
97695
51962
32146
9646
33267
20106
24558
1282
80939
24111
5811
75612
56954
72146
95835
2196
41760
26926
76181
59972
47646
5066
85612
59837
4053
19240
2717
94369
95774
27760
81657
49669
33042
10166
27518
7343
54543
44577
46334
10848
64423
22779
81458
69749
82647
2428
52773
27849
44349
62241
48136
26757
18345
95661
77482
55118
27532
51274
89165
85565
44652
4094
65436
66388
5720
20859
59306
52979
30417
64607
8644
35304
63815
69055
64969
41987
57052
1667
4209
78986
85903
25835
44596
91478
65675
67188
82911
21184
58453
86821
74442
68243
84437
65116
24316
56657
42964
3812
28266
45390
20794
61127
99429
23421
15306
44995
44448
76335
28500
2825
6906
14506
94043
62739
79058
8483
84063
842
93849
85858
4987
31840
48371
5764
32465
46215
77186
42032
54250
46133
89371
74147
86874
64447
6663
6317
7077
86345
91736
9280
92146
31631
35458
6930
94696
97087
79833
10398
86857
3027
89433
35920
96481
35873
48230
29638
23651
29497
51044
62427
69672
82056
79255
50897
32654
62169
98914
6927
23926
18576
96098
17381
37727
70736
69100
8120
62967
24404
29986
51982
60330
25770
29057
39082
40594
40577
4944
39624
70743
20451
80320
54336
3321
97718
68651
65718
71433
32097
