310
74481
16902
17918
22915
29868
22315
48879
3532
40006
99026
28889
32281
78966
42684
12128
70436
90955
5421
53266
14277
28822
49573
49605
31187
54054
41663
60953
39835
68461
17317
145
74134
43968
97930
97398
97380
66240
68068
55044
87732
10305
28981
25704
99116
21909
28054
66601
12674
87028
26622
45440
33021
33777
9316
99187
50880
25902
56919
76070
89068
75101
1722
23248
72328
20618
59439
17874
13185
98860
84989
77617
85769
53246
30762
28254
67472
15040
95512
50538
64329
19638
39554
76320
189
9573
7739
54785
42010
15446
45446
63643
54032
99083
14876
97276
22119
89368
18994
24069
66211
40557
18674
68554
63626
95290
84995
40478
38848
40105
63070
2552
36480
99941
36398
41390
83208
29931
71458
82009
61884
27724
91109
65294
66280
7669
72329
89936
78561
49337
88924
5605
13226
57219
23071
32533
1013
45856
50883
74127
44207
95220
66688
83928
60795
4888
48288
45923
49106
12307
81191
28147
46818
30466
53669
73479
28670
3289
6447
98690
85703
73299
70950
83044
55570
5396
58232
41118
28182
13040
67085
91056
33913
88716
64270
49031
32594
49193
52438
3524
60708
67990
82012
48831
61456
82316
82155
86270
17808
29885
82926
33663
32153
92156
75813
18915
47848
94890
13066
71923
87746
44343
77596
70505
92677
57983
64675
40720
78919
82312
4275
59660
97824
77201
18603
59691
73084
86060
53246
87147
11495
4261
42290
25549
31652
4407
67907
53757
31625
76362
53094
72762
21494
92387
82625
1385
79496
13323
81719
10756
51597
10410
94565
40196
3444
89186
95512
13022
50947
66839
34648
49775
41160
72428
66396
58527
28633
10627
34903
67148
94112
53922
93203
50820
82208
5643
14471
99566
92594
6797
13177
65211
45311
43336
31542
24934
54925
47320
62404
99435
90569
75382
73477
67796
69306
90955
69938
28168
28791
72934
82381
63745
51860
22730
95398
86806
70479
44149
38407
50156
59364
26069
44789
34883
40660
66598
48040
46142
60186
39200
24314
