746
63063
16220
9631
9610
91952
33315
16953
24346
54649
99465
53457
84313
59455
31596
91560
74116
96525
20239
78556
74793
51311
13255
79263
70699
72232
38328
33616
12096
78897
71742
76905
10536
89452
917
14177
98162
66073
21232
62321
39146
26125
53846
73416
41769
43200
70570
31195
82994
67004
64258
68771
23925
23989
8776
90278
64132
21666
11266
91685
55608
68674
71284
66716
72999
39987
26285
52724
15726
62041
81031
18272
99780
66096
89668
19333
82208
59817
83548
54192
49689
96833
15292
28510
94099
81948
20196
1491
92605
35719
79722
21645
7567
56265
8679
76423
22418
58456
77610
73802
33691
41066
24981
45890
26488
30966
9957
14711
70944
80132
5865
88573
90617
46005
36885
63724
70243
68672
16078
90538
89909
69336
51554
26007
95471
33745
49394
35085
40915
11508
56876
22246
67346
57642
57649
71613
15458
66235
51647
49104
3543
97767
26896
73251
41523
81403
57765
92724
92953
81520
44828
18037
41604
53710
45142
42526
66964
79708
28607
53406
83895
62965
35985
77569
55665
86980
7241
28743
46729
87060
95054
22746
41861
62833
77647
5781
21638
63618
37564
97070
50777
11671
78542
81596
5435
89354
11356
1325
38368
5456
51307
83981
56705
73142
34982
17345
66093
77459
81957
23944
17105
83825
98346
16184
75072
40623
43362
15115
22841
58766
57544
97444
97502
9059
81857
94815
56741
64166
80531
7029
68223
26191
17389
6558
16297
23159
25275
5585
24328
28058
51332
28751
98062
52707
57021
84903
5712
95297
1112
59357
23817
75302
36318
54533
94437
72323
5794
91287
58867
96493
34443
45891
55817
57210
71752
38283
97882
64260
57861
6119
69112
90806
52586
96068
18663
51242
88371
78956
60709
98582
82400
48514
29221
25838
70570
94902
77699
63739
6610
53607
58567
3201
3273
17923
64727
35089
79399
68964
66596
92130
16545
20971
32010
98217
21973
1679
73462
78890
40965
87595
27418
63456
60752
92252
33836
13961
783
61881
50499
49171
89643
67370
6425
92738
87591
94021
71346
63881
25532
21314
94157
46211
96166
53742
42199
15735
51128
10747
55419
82606
29113
8895
14659
2844
64319
72650
11731
46045
1957
91437
426
63003
78161
182
2254
83205
5319
98099
38428
86307
40649
36215
60528
34016
5817
97987
56251
19174
68413
69317
13808
87400
92343
44389
38750
13307
13475
41953
30424
68072
99334
13055
41733
98088
7209
5659
65517
45414
63707
14215
13615
79941
50647
82965
80573
80448
97070
50592
12922
97159
45267
20826
37129
51909
79872
18692
34542
83734
83410
45326
90043
27447
9121
75619
82622
20686
42455
52430
30727
70966
56309
18699
52977
78409
51912
94534
55721
2117
17196
50157
12930
78569
27553
47599
61014
48959
60082
24132
91456
29036
91733
68609
87483
59812
4210
98288
17527
10404
24042
78144
67864
65308
84950
37284
69543
17579
11424
27820
50625
6653
87391
40370
23747
84976
91904
37360
1142
71134
54986
90380
14516
48832
11067
11069
5568
866
4904
46378
44403
25140
35433
68475
27783
65802
6703
27235
6840
6746
91849
48900
94820
17026
5994
58393
9383
8091
27071
74732
11147
61344
99708
79075
10387
11145
6647
83157
27211
23179
94637
32235
7009
91026
97256
61121
12625
84793
5860
84476
37429
24832
1639
43284
9386
20861
76715
48231
85167
12199
40276
57741
65527
68387
26951
3459
98405
61092
98918
29258
74574
98008
60699
41123
62193
17363
86156
74811
71223
77676
90902
75720
86435
41573
70131
51171
58608
44753
61854
99122
97536
61605
88549
39320
67557
27518
76471
73000
46618
54575
51131
75447
73228
82116
59956
82096
72177
36569
78643
63310
19520
35959
16478
95598
80085
63710
47643
27703
26634
53586
60525
8905
28820
73074
35088
93815
82197
66015
29550
63024
32819
16972
81944
2245
41315
29588
9575
63876
21844
69117
19935
94421
85971
5332
30372
48788
19245
6182
30569
28214
19137
74848
11878
72409
27025
93273
30595
8487
94002
33747
68467
9342
30580
26831
3017
42366
3704
28644
2745
95739
61020
13477
17809
53989
81959
28732
45478
57144
77952
88316
11484
18492
89974
47947
23322
94825
60619
1210
19634
16
90033
58737
60975
27882
20286
24558
81609
3481
31154
63458
49402
13387
71763
61059
61449
74904
97202
14411
36773
91823
26952
55020
54234
10025
92847
98528
23749
30085
98320
35681
71971
56006
67769
27731
69767
59315
25176
46109
28179
15963
4476
976
41948
29831
60644
36151
65291
91109
20164
29001
63286
30418
82231
22974
94037
20261
57964
37790
41754
44247
13877
47704
38925
1487
68012
91764
86955
38685
72372
81686
8980
5645
3689
2728
45976
11266
76037
60864
37875
16598
83465
15582
15078
39081
78556
51820
62583
57858
93697
86801
8859
3867
15857
77966
34715
90420
32802
96726
93538
