901
78916
59420
83661
91573
22183
61650
15994
77955
50399
45070
75686
49426
34293
36745
85208
79660
68005
40355
38126
32938
13242
25816
87737
89382
2429
59262
42809
22203
88327
38928
43878
46053
62807
54071
67858
8762
5878
63895
36145
30105
67559
1348
82010
709
29811
42662
66706
41818
43506
47723
20587
92345
86283
68592
25431
33488
41152
43938
47268
83171
52829
45671
75171
92664
79033
20713
20799
55947
17383
75653
85930
98744
55001
84920
10774
48626
57569
64153
74552
171
87367
39602
31648
79895
15647
61704
31581
84516
73759
56329
89100
13101
69518
80806
41919
38696
80609
53429
57896
68336
25161
54965
30931
21603
1150
58597
35398
17430
80915
30747
92640
96412
44818
59403
39853
21628
38970
8865
81645
94818
45938
70205
47601
96719
64481
75310
75404
10492
4612
69002
88348
15369
17683
88542
38537
43996
97659
82717
42644
81445
9403
13754
45758
46439
22540
24453
10702
36070
55349
20237
45118
34137
62125
11209
46705
80200
29592
82843
68161
71542
83213
15604
77731
23467
42592
53578
18659
44694
6689
30089
51456
94073
94203
94330
96556
72488
12205
47192
81751
69478
77012
86752
38763
27993
65281
84301
86334
12674
30422
60321
83450
67108
79717
6492
35606
23789
70861
4572
89462
86808
53200
25932
56819
41798
48516
56541
67519
60260
39007
81365
62709
56098
5970
79427
4824
21059
41683
26196
98742
12729
39151
73479
89725
93860
49592
78693
28105
24983
85956
85136
68079
93666
42232
12818
98595
23188
92976
5432
87944
41048
35201
93207
60536
3421
35682
73678
14256
65538
50708
82808
29866
59916
92473
27438
20116
94498
26511
76702
15538
10943
97992
64821
86340
49695
1193
40615
55381
52903
26069
10094
65907
98868
38635
57643
29541
2432
77711
98639
94944
34546
79615
11691
45671
11252
74515
22272
56891
77387
33383
61168
14988
63560
82899
925
31492
26294
47141
81425
63348
90693
19535
71725
85240
2588
16286
79472
46477
62866
13389
11480
84926
60489
23333
9481
63500
42724
24737
33576
40936
61180
18388
42590
87906
10478
46575
25314
11921
32719
79073
69525
60096
95406
38786
16705
27499
63057
12797
39563
10643
73466
70474
96719
10618
98441
89248
64336
8418
15792
70849
18027
6224
44452
16013
40004
52710
97848
14052
56240
47876
91957
95208
66314
53495
3993
88307
14655
18942
15231
24009
66045
68978
87229
24811
90540
90033
14524
26982
33377
94564
68895
86721
43958
39290
326
33089
64680
22385
88080
43653
35151
87190
41610
35270
50248
15538
35507
82076
21507
2499
25307
95500
30497
66161
31665
26993
30113
61006
99287
83186
45132
31497
33954
75288
46917
63701
96102
59822
28805
67078
82599
66154
88513
46008
59768
47779
31785
1186
20111
38968
47570
34743
22847
46115
69142
19707
44053
54018
27905
34418
6084
81316
26974
55541
77876
76465
10238
49530
37887
5834
79184
1697
69598
48943
14625
74500
15894
82330
93326
92216
53082
3165
50594
7867
57909
16508
29037
20066
31688
85953
70999
72414
14453
26429
57567
86138
69056
58
70608
47832
40223
61192
55925
98507
96790
85181
95435
47593
46699
6882
54155
66069
73811
89570
53841
96652
83177
42671
39264
55718
57142
7592
45412
91630
18497
34958
44302
7191
68884
83667
48629
50109
20718
82446
76131
24731
69166
7960
33356
80688
57019
50041
60383
89698
69811
54214
89148
30443
61089
54471
7122
63275
48511
35117
85407
91415
40261
89503
25742
73412
48247
75605
4388
72789
19672
3665
42596
5142
71745
29467
13082
70386
45702
68348
99884
38413
5720
89665
64994
90119
95964
99187
39318
2576
34677
67759
47816
7052
68109
18616
99062
41675
29034
42804
18022
66699
44706
72472
77488
9668
17332
5139
88407
60208
56476
38560
42245
39733
77303
45445
59566
30068
91135
90043
88160
56783
5555
64455
11348
87980
20107
1582
72492
27355
50637
3722
95287
51531
40394
11077
81051
65984
19266
22830
94040
31319
53838
74939
3700
42231
90458
73432
38827
25160
31072
79746
22746
57484
97348
45510
912
1020
32401
98210
42756
85683
61461
86260
98119
75322
82890
2314
15287
97110
89180
16964
82419
18251
23927
71534
37073
9382
65218
98273
99581
42716
88519
59015
25158
34784
2807
19260
36933
58597
72592
3612
97516
18090
35420
10667
207
98924
99555
676
12653
84013
59753
7700
85530
49624
402
69471
46722
38411
64758
12796
37541
39484
56614
80124
11649
92407
6476
33727
9663
71957
78120
27995
42810
3557
13448
97452
67552
5474
13589
68349
9750
53200
32460
65090
1725
13871
15328
49230
28478
4139
49395
98420
40391
83611
6026
5433
78841
7794
44951
53283
78504
29400
19639
1441
55497
54960
69998
294
64041
34871
13659
36249
6015
89317
50331
98240
7533
49960
75045
47941
34589
27834
55595
70562
5860
1616
67077
80921
74910
57197
92135
60307
96321
99491
89400
3691
60698
418
4549
63952
82009
43246
48528
90055
47414
72749
95704
69470
94484
63113
61056
1657
63656
71056
99976
49050
84780
50360
36875
34727
95781
65781
69488
81850
58759
59293
14626
18936
34234
89644
58109
7176
97805
87436
46681
81247
35128
42215
12977
33472
30916
65535
55900
12650
75582
54506
8310
53532
49161
14023
11443
680
6320
82719
81283
41289
78557
47582
95893
15599
30070
25288
54717
30614
52362
34454
60960
63138
59253
82364
56361
1477
48801
42132
94035
41689
31506
1870
69531
23887
85248
26072
42847
66836
86523
81288
74862
34993
84870
43074
70506
51118
32757
19288
67949
49728
56758
95967
38186
51912
57485
36378
62639
30405
55554
41236
37711
25330
58750
8675
14734
65635
11595
16238
21322
49015
2707
83971
25884
33978
47580
67647
885
1735
34872
74217
12423
52699
22787
87762
13793
12656
98811
43566
48914
37033
