709
90325
77855
18195
40757
36126
21182
20345
22129
82486
82407
89331
3704
12553
48586
10570
26615
14563
87934
17278
39461
89628
60299
83338
18526
14224
31455
70399
92205
1962
35367
37154
88459
36748
59950
60266
32035
29964
41312
61049
54216
87987
39069
79735
42053
63218
31032
90068
46267
1688
9428
948
87478
93407
82787
48998
48895
77806
87715
46144
20316
55923
93010
9733
63020
13449
34906
69161
98094
64304
56732
12649
81725
83094
38834
10542
20186
6645
95368
27395
94503
49721
83389
14106
10228
98115
16648
53484
61233
13502
1614
17904
98161
8726
16438
86072
21902
29685
34950
57426
80395
10490
57231
97329
33101
52311
45914
43972
61625
13109
83078
8770
47287
85410
56464
6053
6808
82340
55701
54960
75853
48320
9319
6737
56815
60169
21584
63967
1996
86753
74495
74815
86283
30940
44782
4963
34423
86268
48339
12681
7173
2576
65233
78358
17894
69781
17306
68818
46549
97040
67322
48864
41620
85755
83753
87784
52103
69162
68474
46870
11538
18710
76026
75580
3934
97993
62544
88528
77478
78693
90084
43300
36101
19805
77752
89937
31225
51354
34948
16945
96457
96897
33952
75815
16508
15261
79225
26299
98292
41332
8981
8048
16927
58097
20974
10752
42294
37757
48866
84512
12824
48384
28197
4968
12344
34438
81650
83554
23126
44372
22191
92276
73653
96658
19602
54523
73173
46724
1055
38688
26782
41615
59577
79744
54535
26662
25600
45429
96022
98958
16293
58326
67853
86184
14930
82867
55689
66105
48294
87187
64705
32017
23974
93735
22819
52489
61351
39700
29516
69934
209
78544
69797
31858
99086
67336
67531
51081
41867
1060
35429
46785
55568
74711
89866
26949
4867
76757
37970
34518
69657
43405
11644
94640
30756
32117
18632
68317
85857
4970
4249
39059
92922
47679
69077
33413
91444
88500
67693
3682
83327
22730
21421
81742
64637
93152
14130
46525
87051
24514
4257
34570
93572
61028
78520
62977
16898
9869
93212
27180
50854
50782
97464
82117
5329
32164
9570
14737
33445
37364
22225
68168
75992
71445
45443
83490
2651
88286
56952
83720
42118
50660
19046
36431
83985
91787
38119
96377
4038
25877
88562
47576
11663
37313
96197
35448
43095
63359
78120
3989
27501
73677
65574
30337
34220
41418
94413
79699
68973
95312
33740
87275
24420
39904
37455
10647
6210
31985
45754
86022
49469
5252
34005
64809
12690
42385
4996
3186
86044
3953
47164
26626
79391
36961
36246
93808
61588
2354
40673
39893
7180
80401
2073
87837
69158
35672
1412
78238
37183
49155
88577
83147
59523
54114
48632
37337
3932
44374
1486
41735
7785
58994
83418
68005
21021
85676
38623
20744
76775
66734
56921
94302
34066
36110
29764
94933
24508
63645
60845
85796
715
33723
59904
52269
27946
39378
68738
78120
82482
30117
16938
69239
20344
11930
81574
60976
58171
61378
29779
97569
64438
82102
56160
77703
93649
1784
87931
18942
8753
80294
19878
5578
27746
75666
58523
49404
99278
93538
266
10967
59033
27823
41831
55
43792
85640
22983
98482
43253
77881
31297
25697
51094
48349
56636
98273
36171
8976
69059
18067
92408
46416
8018
60612
41599
66174
13013
25294
57230
44451
96251
51884
49379
64988
56423
4224
873
28469
59357
71156
73067
35414
66084
37252
5996
59997
71779
31435
22105
51849
30068
70308
5355
25664
76351
74787
68236
24307
31064
53626
38066
70128
59253
15422
90921
51298
86314
91947
36635
25266
21452
29918
11547
59785
20187
35790
67013
73488
25143
38705
51157
82592
60382
70434
68963
8090
18727
47955
71506
48660
73788
84257
68982
78512
68809
46025
84173
86544
83015
23058
63056
33417
52763
73577
37524
66539
29614
62024
91510
99465
90354
11540
16273
31825
74990
51959
53228
58674
17958
56027
13407
94017
55038
21434
31482
12266
33866
74374
59261
93530
29513
41492
28675
43881
68214
61421
17475
50119
92145
84545
32226
20058
56044
40185
82636
54013
32517
34110
58889
90863
17006
76070
39334
73018
65725
27022
49757
78560
70226
98742
67430
75984
70837
34761
13220
67226
37853
50821
3277
98023
4150
15543
38151
31173
15796
7525
91679
97875
78288
93802
24570
65102
15174
36408
88335
82814
23135
48719
4068
3855
2989
91334
97548
1469
69625
18426
47239
44660
95538
59826
54962
29969
22406
51533
80408
9769
83084
7924
90083
1795
12397
62611
58900
12375
89299
91714
28364
56729
45241
73287
69120
13685
93990
29640
17611
9291
86691
45572
56724
84072
72631
54761
88470
62053
50915
39076
3132
6155
31216
91083
