838
14229
82769
48745
97643
82733
39943
23115
16537
40920
50025
4767
77444
37448
94244
52780
41242
43410
86591
41274
32747
21064
56691
62825
48405
95909
52717
65501
99344
61262
58275
30878
16964
39120
3231
84020
85832
18836
62583
63282
84383
96037
79791
67707
7775
38185
21386
42850
19200
10352
68188
62079
26081
4986
75163
9688
5786
32868
86709
74631
11837
48939
77059
19215
76086
6302
96577
95827
84892
54484
43804
46533
48101
23883
50482
35383
98432
67371
62114
31276
55883
62117
20221
80470
66836
9971
4071
82091
80803
13121
69459
7499
59050
43231
30024
84874
18862
66918
62631
4112
4771
38154
82492
83929
43809
19077
25997
83020
85694
44695
99626
30156
50828
4089
1870
94344
9083
70973
1708
15438
90570
79877
62026
68079
85947
10669
29223
37358
28280
13823
71318
43341
61072
81532
36021
63371
87805
45708
17507
66017
67181
62850
66069
88607
65221
27947
48321
61482
485
44797
67327
6402
21879
68522
81773
14002
39899
27553
21252
35737
91599
26998
80730
9479
57177
33055
91446
74699
61815
39001
7772
23170
90232
17312
19970
74118
13397
69576
1336
59025
76926
96141
24836
50515
28954
20785
39186
72281
71561
22234
77188
82504
4355
43958
80190
31958
91377
76437
61699
59788
23249
31975
456
4890
65288
61131
48690
78893
79342
91976
64816
67941
82139
8624
31484
4769
56205
23890
99686
80035
60749
42407
7528
42412
99363
55165
58317
70653
89006
54211
6773
87648
40455
7102
94445
26434
4263
84716
95852
51201
58205
93172
85368
82504
12336
20825
11558
75214
85982
74722
70453
50209
67324
47388
2137
86331
726
24436
96099
37854
59560
16264
79918
54517
52975
72969
83163
46117
83931
20614
13795
51723
22790
39126
57873
44762
85836
87320
15071
29555
11330
68985
12234
62299
7064
25404
95184
60090
2833
34353
84952
45236
78838
93367
98832
8966
56792
65937
78888
68546
34298
73303
41005
34897
15072
21642
56053
4011
37694
64712
1452
34750
33738
15363
76166
78075
52551
35877
55086
78327
74365
56674
69793
75835
96060
95714
41851
1990
14594
76803
62068
72832
51986
73969
4563
55272
62693
41285
88032
1270
39331
22670
48242
19606
85900
74679
65588
82299
59041
76710
99448
43335
87301
47743
17099
81018
66002
36459
69143
62109
91017
2456
55638
65822
38610
60301
47585
98849
20468
15281
76910
78750
43161
79964
84782
62381
79465
24056
22861
48454
15352
76567
35005
88911
70920
68901
7981
2459
6126
80247
68894
95464
12910
22543
24337
60315
64156
81266
81661
39433
36889
10437
66325
14327
52222
65498
50905
3374
77790
46077
41180
29463
19735
12168
22564
49205
90803
31894
56245
19107
78701
16749
28508
10917
54579
1124
99023
78287
55363
26902
64299
19978
45629
1042
51018
81019
14802
4347
80629
82533
93695
42945
1395
73411
80758
50564
66944
52563
52842
69285
51462
19164
97943
59202
30789
70146
48047
13335
25991
79115
9098
83098
1366
58938
82048
51785
32403
31454
44071
28792
10846
2041
12220
75644
33825
64271
43183
16430
31920
40381
32239
29863
27030
97054
62135
67940
75138
62744
18306
97048
41287
12796
30736
11382
74528
81610
24693
25659
99133
7344
62710
14353
15013
13925
38373
28097
5075
87622
38844
84343
80160
10947
27512
99055
53246
75394
10759
98930
23746
6317
43571
29527
70029
98175
97541
53706
93692
76486
61803
16875
32664
73957
72535
40829
61850
32645
69888
96330
29851
21378
62530
96075
38170
88291
39498
44334
55367
51974
6626
77308
72779
71579
40535
29097
50717
26163
47044
62231
74450
76597
82816
8771
37822
79594
49134
78326
99020
72695
94979
2627
7778
51504
72857
2871
86237
16033
75361
85630
56682
71720
43005
95913
48574
32456
74619
81796
84555
87960
90420
54108
40515
65863
94868
56722
98373
40055
61488
98300
61831
11203
15091
34695
85218
12742
18154
32738
73364
76232
77587
90741
46573
23675
75747
38823
28832
41175
95231
93037
9764
28283
50869
91271
51169
10441
64302
96051
57582
48115
16604
9586
6923
75525
92658
9821
42081
54335
87337
82731
57218
33229
77999
95741
73583
62968
80423
29891
88803
28369
96017
64270
901
23579
26993
85217
53698
15072
83168
74937
23789
7999
29144
19436
70957
55841
23851
64032
3648
30746
85790
36234
69068
2500
76752
50392
63487
57784
34444
6278
72484
28170
117
94644
93173
85258
81179
26790
60837
4427
60729
12327
967
94849
16052
19555
54312
42761
36340
66261
77381
17384
36244
5250
3725
44499
46341
88554
62350
61342
24194
16988
88807
28309
70415
7659
31753
87909
52972
40970
53213
29456
39962
80847
44294
39203
16185
97133
29771
89914
12040
57496
14747
51324
4657
97683
34489
83509
60604
23595
4601
8865
77159
46408
32830
45215
44797
2838
46101
22524
97458
66658
6781
98737
39067
14709
40714
36461
34940
70883
76216
1548
34870
14953
98025
97032
51087
9624
53084
51490
48727
68801
6096
39552
19055
62836
31932
24107
96403
32375
49276
74724
48642
61456
45272
34822
17967
42625
14509
81365
13885
52075
37318
45130
63504
41225
52131
37085
5579
42635
34605
56924
74246
82786
82183
43552
55959
92022
16999
64098
18881
2804
62252
27974
7827
31459
17627
55585
69812
45714
57864
27464
25386
30571
5228
88944
29128
78450
81430
87899
69040
46037
27453
78662
39052
39902
90772
33936
81433
15700
18620
