683
36641
1657
63237
91816
56993
86035
446
80569
37485
40413
86430
71593
92236
85860
29271
64684
58190
47466
31553
40442
39116
84193
68284
84776
12396
25649
399
43670
8659
95123
88276
18869
40110
49120
61991
55082
97174
17612
25424
62335
55105
86389
19894
63343
32286
23096
49632
55054
20157
11976
76213
25968
61076
28794
21945
76404
84889
57087
83293
47586
27563
19602
44533
77209
45983
74698
99135
64123
11839
6464
31794
42808
14529
19445
87543
39533
28072
34128
56055
6370
268
67703
29023
6731
3684
76144
46415
56597
47511
28244
33443
9359
86948
80035
44232
8965
82481
18875
70477
26029
55272
50497
43770
34629
56858
9438
58834
83683
21442
83538
71526
66150
97288
56553
80311
91712
60085
89442
82752
24168
95612
80526
9663
53474
1618
67448
78681
34169
99600
59771
76320
36853
65947
20029
72986
27495
88943
43177
98955
10488
33191
19679
60972
45718
46261
5777
58937
77340
73681
66075
70027
92537
57915
98129
3660
62204
84512
96526
94846
2334
4371
64805
95784
34830
4911
37580
45939
19513
24882
32347
49398
75290
7684
10704
64948
7796
66264
92125
19110
13216
89006
29895
85273
33586
50524
28450
33098
97576
3829
54151
41543
92545
21108
67351
86121
78607
19160
82659
56430
73545
52532
46407
33519
8549
82487
5605
58328
79110
33163
31015
52203
92833
27613
48507
8419
46495
55923
27492
59668
48353
65161
72936
40630
38562
76666
68406
7030
50457
30019
21541
43003
98558
25007
70509
87108
75318
82997
20251
33999
87976
77365
90683
23569
69304
88946
75558
12237
51601
26983
30280
32152
1997
18616
29760
83195
78913
10691
63242
69973
84508
46522
62060
91392
55969
77185
88402
13954
59716
42069
48414
11553
26910
6572
31353
34361
96077
76221
18015
77280
9239
15964
46267
54488
41648
90953
69302
50753
31996
10880
93069
12495
19963
3788
33391
61958
90991
67211
90347
66414
74396
44647
97814
70973
40216
53534
69390
8344
92663
47306
28455
31827
63591
28522
79748
78841
68095
42707
52578
61433
96174
73227
21699
97537
79323
26403
90836
42129
88988
43001
6024
50976
95025
97389
51149
11331
36590
48807
66463
3713
35360
90599
22351
16820
11534
2708
75265
23666
46747
50319
30477
41171
74872
87285
37200
37754
71609
16797
45607
23848
56814
33745
62442
58827
19749
23302
52131
34476
26711
18501
43706
49912
72971
25908
20353
75809
96490
12978
88023
16773
79608
13267
42294
19900
26678
46413
78559
44829
20587
68625
19614
6006
29167
66412
66853
21420
53672
81364
16521
53724
85848
7039
20876
9445
67527
30328
15576
69890
27268
99191
79297
63398
2249
86190
39265
52745
40436
83034
87344
3795
17989
5142
25249
21892
99932
7254
14656
91038
18324
11161
68166
27554
41449
24908
80514
64699
60016
89122
65885
17651
21918
20617
36840
39265
5780
36023
33104
66210
35349
28887
84360
72345
1733
42587
70171
91627
78533
28309
22313
46364
86139
2506
29
18295
85742
21414
57106
29755
61096
71596
11179
60109
76573
34939
20299
8656
83821
24119
69537
29371
86072
284
71313
5151
59152
78557
87090
99609
71278
98907
85256
23045
39919
90078
60232
75819
13335
82435
51242
87205
66826
31983
15677
50654
59303
2257
31619
67474
4481
13385
26838
50071
72812
8360
57469
3182
55211
5389
88556
96956
87706
2170
60798
69258
57317
73042
63085
46234
83809
53176
68778
49972
99385
35320
35204
69989
28954
14093
10457
11313
7321
406
39361
96104
56425
94327
11312
88018
85733
48538
46739
28942
71938
76519
76043
26277
20302
59685
25123
5572
9319
85924
84993
48124
72794
8326
9473
66072
79006
47394
54592
28520
25336
72576
46081
41414
78514
89732
37207
1167
55618
29956
98219
87444
59019
82178
60796
34043
49635
37041
26143
18483
67192
12797
33752
40689
83640
15280
79374
19059
6412
43536
65334
18267
31923
90227
64125
37281
86527
1707
77059
28384
82070
56472
73766
88381
56274
92676
5473
61722
64340
65521
95233
21928
37519
43504
21666
52475
26799
58903
29258
31243
5449
12327
17932
33612
12852
93755
87306
8516
83853
23225
36972
48983
22818
33167
53130
74154
49646
11353
44012
63281
66179
98541
21818
33864
65763
88095
67248
35883
36157
6235
54219
41994
86567
61014
56990
49568
63243
35754
9662
74649
4922
68352
38913
10155
29337
1759
44825
41091
35052
12862
61783
58048
