492
27152
91683
86942
50345
4717
65080
57724
50335
39513
52386
67705
20236
48283
16872
56170
9536
38140
73989
96124
15302
32504
97366
26288
25072
3976
90912
91886
74726
9674
28498
36280
33824
49669
48017
87197
55252
72367
74968
11039
3409
32052
42198
66732
5790
63266
67115
76540
56464
74283
45376
45487
36794
77695
21000
3277
8662
69938
96786
13038
78566
43582
56119
89731
27089
66300
77445
97735
47627
88643
36104
51909
40635
49123
4702
29332
65280
29543
82835
9954
59027
76136
9742
3580
97532
42800
39321
87846
82161
31537
85959
77299
10487
2204
81772
67216
6353
98772
21061
47431
60369
92505
6226
61279
59169
73833
50825
92607
62319
34146
40143
99908
19461
66360
97369
80733
7083
78800
54337
41861
4259
60813
79850
71110
19761
60488
75655
55178
29149
34965
10469
64616
79735
12023
25779
31767
73794
57999
13669
80448
45929
81564
36553
27186
9217
15458
31436
62950
56540
9041
17219
41649
68509
33334
2564
47043
97373
47215
73948
83258
67585
98537
28810
35770
57930
37131
7071
79485
7637
98034
65793
68471
19391
72746
36390
27924
15925
23901
1559
83108
43622
14487
29957
2312
6546
16575
10683
1244
57361
36504
36724
54854
67811
43554
96805
89210
50711
17385
48440
80855
7896
35822
61494
73962
34089
9107
41200
36677
15377
29258
62321
17143
22772
43973
72023
27044
16311
83299
48044
75875
43169
64313
30858
2696
34498
74120
83786
3790
79981
84713
73409
34423
86562
84598
4100
70818
8363
21527
85166
54488
68489
38324
56812
5243
80252
49458
52032
81449
15274
49931
25534
86552
58992
69949
37939
69405
40307
89002
43733
42581
21388
1171
94848
47679
86140
79823
38249
29486
71350
24361
55511
41951
43282
84248
65160
98040
34247
46283
84399
92855
18656
39942
25866
74791
26124
62564
87179
13064
60359
51266
76305
11573
16924
31695
4134
48870
70372
55071
67176
81908
31838
94439
37911
37278
61852
8666
78066
27801
59953
98420
91002
74633
42653
72225
33367
85445
64307
12666
13322
37783
31715
82898
12881
43358
12519
41859
85309
23818
39961
42900
95000
11461
72110
75070
86908
99369
72338
68826
95345
4619
39685
28729
27840
75510
32655
74474
88767
69148
98078
68617
39556
49266
37843
84440
27593
5827
20641
20623
54246
77737
73294
736
94005
67897
66793
5047
21313
75872
45904
69717
49452
37604
37966
54211
36696
53891
16473
21565
68979
9757
88113
98143
85423
35375
18089
79612
73357
35858
7897
28090
22801
22048
92160
61748
96929
7287
26703
72651
44626
96256
98704
21200
54027
81077
1630
46262
21794
77168
82560
98933
91886
76791
87583
54832
99728
71699
2159
84948
42917
98011
7622
68263
87982
86196
52481
10731
14249
56958
67697
94656
90436
89874
38855
20136
77423
5757
84918
15927
51461
46042
83233
90951
46129
2874
23493
69641
18451
52121
69579
4418
54869
68216
57486
86793
46101
54466
60026
84981
76462
5440
4519
20329
92839
29027
38416
57515
41243
94958
99576
24153
84787
43839
62896
94308
45885
86174
3036
67401
47655
44381
34179
49062
64708
42465
62085
93737
31939
27803
11138
177
1376
17404
69645
