191
71533
12761
89172
4268
74465
23357
16618
12592
50026
36320
88812
55506
29281
8304
55222
81249
80155
71578
99853
7401
35231
40387
61518
63417
25040
42617
88590
25416
53949
81381
33367
14678
67580
21864
67055
48603
25622
67621
75385
78289
11993
37477
77005
20418
85449
79302
92041
92810
98114
60128
76604
92782
86798
53443
30519
15356
72569
3961
80187
94407
87702
87771
36232
63993
85996
1475
26493
79396
82325
7798
8875
7809
10426
37103
75767
97152
84051
94350
71918
58148
95985
49264
61112
49578
91829
93820
93420
39546
11044
35631
44489
26622
96418
58407
21057
43879
34966
21405
52749
36153
8170
88604
19259
96225
97586
75340
94093
69198
12990
75209
21345
85976
84569
83297
80349
66550
88125
63114
34533
41703
52779
14095
5455
77773
34406
84148
60744
53295
24807
37406
55543
28599
6594
31233
21066
69878
56802
78485
51005
37754
48472
71118
96771
27045
98726
19482
45945
49218
64315
17960
24797
81905
91201
82107
35398
70936
83387
15021
10552
59455
68069
51420
45708
35997
99099
96735
45964
38819
58811
25499
8460
27290
89480
28424
45644
32834
9967
762
43351
31668
50579
45917
39060
39535
69698
27709
395
14619
99471
42348
81623
