605
81843
97036
30353
50584
43877
65774
89950
17043
23284
10822
11263
56392
10662
17851
44934
8318
71396
70646
53557
81618
853
70504
80543
11308
82905
10620
58459
1258
86392
73605
57134
41254
3782
81306
30518
99976
9035
15277
33090
86113
87548
43513
41581
38664
70075
34490
35794
54477
84637
13074
63559
86148
25688
14526
39106
46636
28197
22625
1646
38304
25787
35820
91475
83555
66723
91390
84615
71842
59282
91702
63840
53541
18917
19005
93851
5040
93636
95547
11450
61351
51153
44381
37746
62671
21595
32860
68742
89513
2959
35627
3100
67410
53003
36795
21432
6630
10879
2058
40180
4975
14578
90644
24941
82425
6133
44283
63053
35268
45539
85791
63309
94298
86447
83408
71867
46788
1991
88662
67739
35155
87446
35363
28686
76572
7933
95182
38897
57284
4017
21365
43548
42942
15804
76247
42126
12034
37003
30535
52368
63309
64443
42743
69706
70068
65652
75687
93337
54314
47360
83611
89301
31948
71180
8304
13454
36561
29199
55480
22731
63840
61867
83712
61828
91213
73306
27393
24220
18065
75055
92472
51397
40713
68260
9118
52245
23308
56449
99008
95704
50905
66291
16593
54147
54211
42112
53479
52366
76802
71447
52982
7618
15143
93537
67917
29876
99287
40426
8897
88234
97892
61202
72644
39390
25002
83937
10269
57149
98064
76975
93985
98124
46689
81512
67399
88106
99942
781
19289
16013
86256
47625
3709
77908
64567
71920
40282
22266
67827
12036
67699
9468
80826
40402
90756
13464
93045
2245
56623
61606
64288
78729
19620
29833
15892
40927
5413
84721
13574
99478
65320
91344
39296
96269
19358
86467
59015
29101
22654
50265
80781
48078
54051
96602
63364
13315
17984
41828
79437
57559
71128
5123
59335
54488
33875
39621
41468
53646
23305
92837
33733
6400
49167
47383
46586
73792
47237
98524
92925
76774
85497
83804
62517
22094
67713
91801
69445
12966
76290
42003
39883
32648
41693
45863
54477
71214
99233
30303
84731
51026
95722
29208
65986
94815
38243
25955
30963
71765
35214
60518
87274
51646
65957
98449
59948
94763
29140
95806
35706
6406
62744
84048
39570
88459
98626
42003
46397
27964
13266
18191
79977
72704
62977
16090
80600
57219
46598
57408
28311
59206
21649
93947
93580
85854
10925
47378
49666
12438
75678
18035
21730
21369
98833
18780
66551
18899
17078
58075
73699
38802
64204
17570
54121
77631
39745
43839
35290
44500
96738
1335
13445
49860
50346
14216
22908
2365
45109
58351
70064
30676
82752
51682
45306
97934
4783
30999
70120
30625
44488
96317
58411
40706
11498
50169
71321
80108
48750
58507
22981
30094
6437
12297
50987
94489
10486
74481
99875
35397
64095
55682
78469
62782
10060
73810
42680
65185
98872
17709
24197
47825
53015
53018
72487
26484
91388
79630
2607
10823
79460
74446
44554
99148
557
30546
71243
98156
1571
34503
41649
75822
52419
7213
33274
53335
72761
70454
53808
42871
21749
91339
15698
42006
16991
99868
29312
2675
47468
70988
20511
2882
71775
11897
6605
62678
47863
97746
71088
62507
23368
54489
61957
41579
26626
96286
1058
76728
37670
86714
32614
68067
85748
7971
57921
86777
15352
90306
207
72470
86256
75137
18696
2848
24721
59594
44196
96731
22838
97700
39840
53060
90846
13944
90
73083
3345
18716
88724
60702
44448
1857
82237
46831
49206
20556
28925
37636
59086
90864
55932
43613
57755
38305
56585
6774
30142
62360
68611
6544
92502
22066
10138
91490
74121
55517
74901
53637
92349
4765
624
34881
51791
29412
15292
30870
15780
57142
34902
36755
43673
37520
33187
61315
61025
36530
28990
21240
31387
33704
40108
15707
28226
61086
33825
72911
63396
53848
63817
54840
14624
66111
20685
4309
8627
42266
39122
19194
58762
24095
98563
42762
26523
17040
26122
66166
74744
35125
60739
49387
7007
93419
65674
80316
42552
19304
82825
8164
