590
9419
6835
6998
45434
67825
19544
47983
50302
22766
66048
84779
70394
34321
72515
85532
29423
73330
2836
77042
12780
73159
26308
1950
79442
30178
21781
28143
51004
56293
75022
91102
85840
67396
35532
94533
82389
25338
86672
42387
19773
37813
48626
26229
36188
60486
77639
45966
65975
38782
46883
99016
4754
72923
94447
33298
48714
89136
2136
22787
58909
52374
25137
90872
34322
61483
27065
76398
38513
26422
87506
10031
13801
38964
39903
44432
34240
13247
66467
60781
94036
90622
23775
56268
1604
74409
97810
2466
51121
84523
90435
52841
73212
99339
20611
69204
24314
82765
83176
31480
60303
78155
45576
92983
54141
87522
78667
44223
59548
44464
11567
52292
93164
32256
72486
49998
6158
94776
27585
59189
42923
37243
58121
46048
39292
16176
22480
22696
95574
73558
34198
29015
70806
78896
49634
51407
83734
4643
99702
61045
73326
75432
18913
83198
67056
99621
21956
41330
28694
12827
53123
54940
9039
37475
87135
8463
2779
89789
91256
50096
22597
46255
68056
23997
37677
15261
85786
87094
87897
46426
69043
12604
77323
50097
66275
36368
70989
92529
32598
59230
67513
78481
66563
78965
96734
32266
17669
88613
96368
40723
37805
44590
54555
27175
84273
77587
66249
84089
94614
92000
40517
4015
44230
75537
13137
13282
66586
19626
64263
31017
62795
33408
14496
47244
52467
19315
74312
38129
20923
66655
51639
13886
99228
11085
80237
25410
72970
2525
17598
39421
53314
21783
75239
28696
59561
87065
86533
13910
56331
95536
87644
36695
60410
52236
85682
39684
82443
48886
14810
78646
96856
68541
35873
94270
39735
8497
17992
26674
18877
33540
51612
64470
82816
94334
81662
81991
36344
71657
16760
33223
8919
36186
65801
39092
79287
45651
76824
25901
34778
36448
4684
47059
96942
5172
13866
47675
76530
17034
30672
12147
30331
22759
95054
68594
79920
13313
26525
10763
18155
92689
10865
38010
73066
2973
34750
7003
20757
93071
43961
35003
39066
82687
77505
93872
71921
36565
34746
86432
30686
30480
65569
2328
93280
60115
34631
9266
74420
16688
99903
47306
31091
29105
63013
58825
36172
51392
94297
4841
140
56302
8984
89575
45836
81235
72648
39445
44557
61006
43790
60125
3025
73485
19361
25879
50292
18764
35059
39053
11237
50264
86395
34448
69019
77076
78800
93212
12701
60817
85476
73978
38248
37449
90201
65155
21180
4706
18987
11596
7389
29214
19243
71314
74996
43843
28050
13472
4552
25488
82130
77581
57545
66226
61318
75646
3838
76661
24569
33928
57558
89287
92992
39100
77894
61824
57905
74704
66384
15735
43579
8197
45486
83505
34129
16257
34555
79785
81904
16639
48872
56109
50777
8514
34899
46665
11897
10083
20726
63467
1730
22164
4470
53292
72664
39548
25388
85862
14937
78080
62559
3007
5364
84768
84199
21941
43072
50635
27045
52257
65402
51621
19691
55898
98144
1524
76368
52120
83457
12769
78397
45308
46076
25768
29364
32559
3863
85670
17050
30023
2258
16511
40263
42298
53850
67081
61919
87504
94109
80269
31073
82211
22169
68209
76080
84987
81649
59261
8659
95111
50614
19635
94356
3868
52094
42468
38746
99834
66957
40167
10704
36710
29509
72065
74135
82506
12809
88753
27826
82245
65510
76850
59388
82886
44924
43601
3748
88774
2049
89331
59252
38674
13467
77634
55148
21358
22288
28098
83080
75671
45750
24441
2191
53174
30584
52128
2525
56688
88964
53845
64648
6448
27592
18658
84763
27096
90417
1241
44043
93340
71513
1266
88522
19897
18787
19836
51618
32177
41493
49813
95166
8214
54922
49944
66868
39426
44190
98871
72118
18095
5685
24461
36409
22795
29535
56282
90872
39513
19372
54671
47954
25855
6682
28495
46873
98452
6214
65525
39162
99575
76189
64319
53521
