780
92476
74521
26112
1146
19419
23725
7567
1208
61675
33342
61188
45516
11199
3347
48167
13952
61427
76381
55124
59989
46738
75320
56864
30136
79441
45302
22981
17308
98821
21092
70757
27665
17173
83764
38826
47597
46310
66855
6122
7770
14668
21468
8872
54560
39944
52237
14763
55660
5079
91651
97841
86321
96469
88887
20341
65399
2411
51175
68333
36302
37114
90600
6956
16886
50979
97355
17941
74528
11418
81631
57254
17825
90114
654
23907
34746
72438
14814
62310
48596
12621
97401
30055
7751
94338
56157
50561
72887
20507
11663
35791
16313
48388
17530
8057
2007
6501
416
71920
72093
78380
44099
87291
25752
14876
41146
73054
39930
41483
88140
26876
47720
60086
6040
81370
59910
5548
25881
29326
87970
6742
91891
41494
2586
18878
99005
69227
40908
39432
99854
71264
57752
93480
87459
29042
1297
75916
84220
18143
82161
67825
45207
84824
96275
2188
14315
36057
56570
40108
55574
89109
86281
32952
18686
42403
27514
88045
87812
23246
22769
25993
5714
40013
34190
16218
61532
16425
75613
3990
79783
13828
45843
96972
50651
53693
68075
62263
97152
37053
60053
95898
83483
20186
82250
65986
30679
46551
37302
97900
20619
53880
22859
65370
37521
72252
72219
74874
17235
4102
52293
82339
48962
30339
26894
61012
1480
18074
34790
47211
26511
14967
76641
26739
25564
2758
52642
88900
53399
48301
43621
67311
71202
34266
82319
7162
55629
73615
18695
47075
16055
12102
43405
80381
71711
1234
96907
65427
92794
80492
58228
87435
15230
42083
76989
35458
97451
64088
85086
47145
99371
88600
277
91327
28668
90287
12946
3815
17570
27786
29425
65363
64519
95451
30525
12398
99404
96158
92312
911
8511
37283
7624
1789
85872
11363
41533
91952
61432
60625
51616
19760
93216
40228
4862
65493
674
88950
26983
88070
59404
88008
27074
47758
73668
38803
50778
21235
92432
18595
28530
80185
37083
79472
1922
87509
64577
40453
30899
76256
98421
85135
7205
15565
21747
18058
25419
35162
41653
51769
91898
75399
2060
93582
84082
53328
43531
76069
7868
86983
82803
28618
39141
99817
12228
18656
77063
35165
99904
687
81316
46614
4929
98830
13296
94349
9066
14305
52102
69817
6034
93142
10175
91452
82689
11372
30571
62755
72595
35043
8113
60678
61738
90648
40040
27034
78644
37877
78269
68596
6682
71087
25024
32535
15037
88493
86343
13063
16663
58784
73837
62384
26466
83728
24095
24492
11011
2311
87251
83898
92279
7032
21484
22986
92270
46207
18595
11540
82737
67506
77325
9851
34858
17372
35685
52871
47370
48614
71342
97015
68513
4160
79977
53549
17042
38828
45521
2843
50661
12906
23338
82364
26406
41486
67638
67900
46841
11668
47812
22332
88342
86120
14870
69137
63341
95959
98793
58873
77068
88511
40370
36054
1173
36207
86969
81076
1520
31763
10688
97326
25536
91734
39457
37069
75677
65629
26952
11426
69898
1016
25493
9519
17445
46379
67680
59751
18855
82968
7085
2268
32761
64466
16114
5767
38882
9054
90010
54122
66545
32255
59981
48703
51146
30957
75559
20810
27143
29081
76561
25281
65496
73592
38395
91135
15906
25909
40949
38029
19783
28224
80949
28314
18540
36850
20412
13671
93656
5448
39708
52552
39874
69802
42728
20118
90960
32817
43823
5830
88678
73494
51391
95576
9887
6859
51392
64957
44183
3178
85580
68284
45015
34263
13836
93877
60928
52251
47788
70398
90387
22001
43742
51259
93594
22061
46978
74538
37753
1145
86574
94380
48450
27178
30192
6516
89126
94144
21634
45321
93052
58375
40468
12749
27797
60336
42671
10489
80856
50606
63981
85894
16941
79448
93523
69478
72353
28223
54291
77197
19952
57862
59188
74292
59394
24728
46580
49084
61664
67402
37707
24940
24334
99290
99782
46516
74578
51412
43260
12420
90635
97328
29488
90607
99253
57899
15854
45101
46574
27397
19521
23032
32989
84485
38005
99540
48689
51657
25066
54739
45947
44961
83795
61718
36612
12192
5257
97480
8857
92181
50703
49741
15926
40437
48095
81677
1430
57092
49588
33998
90682
21982
75601
89129
95643
88630
53237
95809
52223
14022
42093
54101
33015
4283
28838
90567
55959
37708
63473
11279
40031
86061
4802
6393
42716
92684
40410
94128
50843
81650
47292
34329
86326
66053
63328
12164
31391
95515
46879
91063
74073
33053
12071
60649
24095
79715
40693
60224
51655
71703
88141
41236
57244
59197
20474
43253
89287
38686
42404
97064
88226
51332
1905
35862
50601
78735
86153
90842
74754
64466
55622
71106
70973
64785
98414
79407
93205
85243
25295
95067
76916
91158
67392
63298
48232
89470
83159
66196
3193
67051
28942
14854
42779
36288
98395
94291
89273
82584
89957
13341
2648
30418
18757
60154
61788
44682
49572
40636
74747
62244
90815
81934
34613
5048
56060
15983
43173
60497
69229
19170
83230
27507
62319
73326
32256
17313
90428
30548
74999
66965
67844
9750
90724
70423
11091
26399
61987
57269
60068
58530
76106
52245
36822
