820
67994
30224
92963
65315
83534
40640
91401
2252
26408
13035
65795
70960
88073
71103
2017
55125
50548
76432
89923
29516
94726
95151
854
12576
43116
30761
56534
14902
15249
94671
68443
67268
76407
92288
43196
94770
15918
87001
69147
14725
99926
66991
22131
75076
5397
80502
54191
17387
57030
24106
58094
43879
56830
65392
32610
91527
17269
56692
8745
67879
83320
49604
35522
83044
56028
51474
65411
20216
10913
74437
24101
23136
38142
15240
97125
43029
18248
69766
16651
79887
87113
30054
85831
73317
36995
33565
35168
46772
46563
34541
65652
85592
32240
45532
96783
34092
65573
53526
4101
29852
6938
49555
473
54365
64549
23286
88143
68399
99598
64807
84431
17688
63248
84669
2970
39990
69313
10219
54489
78072
77609
41364
16422
4865
87303
52108
8985
96783
17032
5580
6892
49154
79092
9720
10456
13696
38745
78396
97658
52181
86464
78454
79558
42673
40890
37046
85494
45173
43352
55536
11602
31995
983
26423
76469
14912
84777
77900
41088
55845
91384
77039
66818
30813
33000
7058
4638
27876
28405
96731
31786
98977
30010
20705
77714
52866
36723
8365
10316
71707
10507
95836
85508
57485
35705
30813
98492
66023
34496
93147
13409
66175
79321
25452
89617
69676
23663
77460
67413
13185
6257
55477
23817
38189
70643
33977
59891
6746
81880
30268
35064
11434
15346
65084
21093
86426
38703
32091
8507
3260
7462
77511
61783
39662
46976
47396
86007
42691
99304
94587
37387
68504
72051
49971
82753
70211
38109
53366
89057
22564
170
8235
2870
17641
51958
71386
62039
39211
39293
13908
66887
25144
48442
92833
26726
57000
26636
54352
88977
73845
70216
48871
52793
93378
99535
75833
66844
37615
76593
91897
11815
2660
11295
9968
72151
82501
45303
88501
8733
55305
98647
60632
54391
67349
13563
80887
67590
4504
32474
73587
96071
24107
2610
51523
21900
31086
8425
36091
82119
21349
94818
50780
85058
82778
59076
78767
71398
39514
57555
72342
1175
48816
94269
76985
83204
11393
32915
86132
1728
35926
1267
74029
36669
6369
37462
63531
18421
36703
61378
73312
5927
61925
41136
54661
27638
6385
64676
71909
78955
90949
19454
2478
26894
89055
29463
32663
32970
18331
98142
3465
68652
59275
58118
17148
64279
25386
34361
49673
1924
70170
85968
26733
35467
5611
3635
11880
97018
23983
4822
24028
27812
60284
86650
48640
53852
6109
67813
31973
11828
87441
75046
50980
19193
48629
7182
32837
73818
42721
40358
57510
63243
14361
21652
14385
61325
75621
35230
99720
90936
17431
15025
35492
35384
69651
21055
62225
88357
21403
92647
8456
42447
39922
41180
67717
29662
80955
47385
20286
43896
66684
83810
21398
94889
18145
91750
40228
66012
68311
3760
74667
74065
49258
17807
85785
58299
42271
97186
92799
57975
3269
91516
44518
73059
27582
48447
36416
41008
97922
13150
73865
4105
67271
93233
91491
86458
64456
414
26272
47493
74364
67093
7658
29672
36978
75921
71883
72183
29904
33516
29601
19434
47510
65665
16060
13500
66529
10700
31277
22981
92720
40116
34000
27301
16110
41143
87739
45043
63360
54598
69715
67728
24985
73214
44337
36281
52411
70576
71634
76444
65282
48820
68047
91542
82969
64505
62106
96237
95864
16335
90704
63293
21876
55865
63057
46891
51401
12911
78899
40640
70118
11036
25064
26205
63095
85332
90312
69328
45994
4656
32136
24059
39556
43524
1235
13092
2093
45086
79432
62410
61372
65893
15068
81772
42069
95640
46212
99116
67857
605
86536
76566
28254
48213
11270
58473
39515
31970
21403
27827
96103
30945
83119
76356
4735
6052
36446
25773
16501
56568
42194
72864
24213
34656
89456
69529
71949
43073
17341
90340
31642
21840
14026
84862
37625
63336
43853
59681
34166
82067
18902
86024
83364
5350
75319
82804
1128
44170
36653
82081
37551
49697
46557
44185
94614
60245
31425
53115
78949
95901
9889
89332
20320
63625
561
46706
47479
94306
92032
33111
2254
45074
29823
70066
89974
65123
43863
85794
9785
41343
87018
78229
81904
11276
80326
9734
90557
55216
63760
83682
91106
56695
32754
44550
87789
51211
152
37822
74532
66694
60853
63712
45464
96053
52156
59649
24015
32083
96640
50424
29939
38071
86404
12057
2091
23637
17574
5684
21478
44659
12221
51141
33877
48579
71166
26431
54226
41940
85635
98894
46025
65712
98321
16640
8150
25773
45123
14690
68769
40840
27688
19287
81448
38247
63869
65942
42082
49113
38268
82054
96950
28797
28303
23326
91951
55954
12563
94671
21030
44089
77673
30971
67796
33185
27527
60786
98530
15808
64430
26980
57039
92015
55569
92257
32234
40497
20181
14707
17850
39514
72902
38744
60381
70581
36989
10152
96071
90220
97474
90513
10758
60721
98760
15879
17344
89524
3773
17317
34873
38635
22522
96846
70461
30469
86746
31267
50727
94532
94314
58536
22938
70596
72124
86571
47699
8290
9499
52773
34845
80498
95395
54032
32072
58533
52227
61632
61897
80699
96709
33209
16693
82735
73836
34812
63821
48516
3966
90104
83305
82495
54953
80876
59024
1537
1365
33302
71051
93126
61051
37746
91569
89356
5667
66420
69677
61700
26241
72843
1478
50212
97456
79781
20939
2683
25058
88257
14375
14154
79637
69187
56736
