254
17001
31355
91490
59405
60467
94694
27488
51814
73609
36190
6036
53528
83358
17270
99265
70726
22815
46130
36968
36068
50735
76233
23188
94252
70370
93079
96160
24285
14206
95354
5620
14015
83082
33688
29988
48636
28315
30523
32660
74201
43641
67945
61357
49637
90140
96863
27452
6290
11809
90532
63180
92750
11999
38179
43834
94509
51713
50351
79317
82935
99539
26649
24827
66144
10041
18588
34004
85503
32463
5625
79504
25848
54871
90732
95779
84919
70169
13450
56726
78094
9931
72915
86917
38191
29561
51182
19283
6912
44033
27983
54399
4481
7301
82105
46944
7036
453
81677
43427
57590
43762
75924
21940
85633
76032
14316
39495
12946
50961
35542
75381
78714
84748
88383
70043
25743
51720
69291
98140
51408
65538
87383
81696
41869
2331
96529
44712
76207
19124
66393
34113
8264
95993
99477
83560
8346
83621
39663
76468
74347
69276
59191
72464
2439
83683
55687
97551
41157
58894
38575
62405
39530
12954
35115
65545
39843
81027
291
58469
58688
34597
71904
98456
46150
30491
72498
91317
12290
9656
23100
31239
62533
21992
278
77716
89129
88023
37640
70623
24549
20745
45657
73661
74497
21776
99562
53649
13161
34719
24103
48591
41376
85654
86018
50947
79600
65780
90404
34221
91873
14423
65480
80753
14416
41987
11795
26509
93055
91920
86522
24705
17375
78311
91250
44267
76309
51523
32583
61396
49821
38051
28809
72934
94379
72819
43091
58747
76167
92196
33841
47028
55211
84235
26335
91168
26136
99016
26133
49792
76751
6398
14490
72564
34404
51135
88696
33547
31846
95991
36176
21170
39283
62359
60168
