893
77368
74866
6936
97251
47079
91517
79724
18931
86721
54186
63041
79673
93779
25590
22366
89030
29859
88355
88994
72362
60692
69391
87494
68986
69964
18508
14136
56669
25692
14052
28641
82751
70920
90319
78738
30654
56711
81596
37274
27252
34725
55903
94979
1308
79105
67859
18537
36147
12979
94568
53180
20721
73550
31015
21839
92417
61595
12188
48715
82227
86102
97986
14172
18308
32868
3956
29960
17519
57057
85985
9045
96134
24040
90299
92690
60774
266
61484
88940
98466
26514
60695
71305
70785
89524
83834
84160
31216
44845
85183
2287
27120
33695
5848
95979
18134
79648
78318
60254
41340
47204
28568
76971
80232
93582
25330
92039
49257
47531
32520
6410
88651
4522
5280
99146
75290
36358
32694
23649
94489
75087
70942
43999
84894
46007
29533
7335
64103
92648
70204
80373
66112
57802
53185
13388
73403
58959
18747
33377
6239
24008
23296
9606
39648
33556
58758
79407
54632
49977
71589
69801
94267
66
63456
1442
87672
18149
99522
15355
25219
49555
72184
20078
16896
60539
68267
17082
42401
73
65850
25695
6314
11366
43291
95294
44628
96521
17459
62134
89929
96452
40790
80946
91698
59988
77521
37301
5475
41029
48262
25778
10054
80699
79098
61052
85386
2613
16460
74315
85563
73714
72242
35789
71008
60561
45015
35634
21926
41515
22607
50124
41091
18976
8977
17787
68235
12626
33987
51022
70539
4580
98545
12757
44192
50408
79560
94806
60473
66206
69254
44861
16506
51160
51584
2421
5595
7553
24886
20468
4983
75679
64331
69332
89884
9836
80361
41933
21829
83413
70013
5470
26627
25972
76885
73642
72668
63349
72462
5593
83815
52953
46617
73049
72814
80771
48345
75474
60910
14034
49111
24600
57291
84043
10666
64285
7999
7386
26819
39435
88121
40539
74320
78589
3351
2847
51902
8764
87412
95879
8480
78316
30402
93419
61617
23787
49734
75594
85563
80116
20169
33147
4563
83
12327
73379
61554
18488
50114
18018
45022
69322
86635
95053
47448
40062
15484
91532
97693
26220
79688
52392
56577
31437
14120
81569
90058
43606
58862
25953
37593
5961
10782
210
74661
93507
38503
41040
27853
99840
71968
63138
38559
37134
91963
25954
87005
52971
87279
10266
82217
71662
17538
46666
95506
74890
18322
34241
65101
46690
11838
37049
27860
21225
41173
48441
40249
88280
29101
68815
35336
31038
73417
51135
25075
93459
29966
30296
97925
458
1785
67425
80674
83078
48221
8213
30312
92991
51390
75619
96901
25915
29036
91561
51620
11891
62595
49675
5476
71916
17216
41774
53699
84992
66512
74356
68389
57467
98956
98281
27721
37386
75162
14737
13879
70578
25654
13621
33841
52346
27304
46706
17230
88879
73258
37239
23706
45865
55944
80092
48670
28318
15699
92115
50564
5231
68554
31077
35633
65446
15894
13358
26737
66996
55999
25513
11647
21179
62857
42910
13240
34760
71208
39795
49107
18943
8421
99505
51288
62140
43581
10938
98223
55066
82099
68013
70479
51317
20169
72480
79374
44337
87578
77319
33405
42570
49629
97864
1165
28595
9390
60872
1463
95154
49975
57946
1431
61263
83252
19047
31621
84951
26142
24247
33468
5699
8599
27466
38927
69254
28372
74617
44746
10268
6836
60400
84496
94089
67447
82927
20378
48012
53800
23423
73773
44466
27776
99452
88603
33824
39977
14423
74807
62941
44358
53563
10554
57003
36965
57144
91328
86895
34630
35392
1578
92093
73715
76377
50375
79897
1225
38086
56364
75885
51054
8949
89246
57568
46645
67317
75162
63478
48014
69650
51539
33319
65872
49665
13332
1292
98482
16237
27043
34357
7934
96527
1522
79921
41678
82663
95256
63355
22430
5194
8714
54713
74989
74656
57279
6173
32043
3728
45408
46978
62665
46810
65863
11016
97053
71288
29227
63699
78897
5301
88377
89427
62860
90540
60187
98656
88789
5404
62455
14509
6537
13798
77908
2831
95750
37914
29087
16748
23429
49523
98035
37013
8806
23641
52927
2851
19814
844
50121
44458
8360
60108
64583
47976
2640
12712
64258
6530
13906
89581
84642
36741
82351
9359
78699
69193
82228
82605
14212
53418
29824
28672
65758
53242
89578
56141
1740
46691
53428
85150
98232
86186
76367
70490
20869
19366
87225
18065
3636
18640
57876
74107
19099
18438
6317
6477
78489
13153
29507
90475
22026
25885
10376
57740
59942
18333
20078
66160
2920
75605
41344
1145
76990
66175
71699
24191
52396
46862
26353
43330
28559
55481
49724
91919
7970
9645
61843
67112
60708
9259
11303
97478
28235
22330
79930
80369
40232
18992
86055
53999
21450
7032
63005
46616
46919
13672
47367
75711
63289
53042
97616
53923
31734
16482
77841
95083
63518
23731
83611
3809
13191
77030
57404
75124
66380
67327
39590
26742
9179
92005
27595
36011
94436
56933
70662
55918
26513
52165
10548
40158
70634
10204
89524
15917
55467
78542
86182
4886
78376
64046
6894
7915
41563
35746
56114
36826
44345
4755
32291
98064
31875
35267
47817
7194
53853
78961
51191
40701
18118
66671
37533
12089
33486
35781
69575
93014
23788
19564
95453
86939
60804
75579
41877
2810
7610
84229
81692
69251
85858
5704
23359
76026
80573
43822
46562
28794
74306
28610
12912
55627
58810
96017
13660
9365
6875
12750
77317
68515
99585
66990
49303
51269
94939
21625
72969
22122
92665
5633
46797
88663
96997
1387
6083
57287
4324
70896
79085
40895
45782
52386
97403
89097
96270
50128
98265
41992
20802
35039
42420
92300
66728
71337
85516
77421
26055
85436
83119
12954
85981
97227
79924
22275
57693
41051
32277
12938
23603
13930
39747
26
71401
1958
16316
78973
89669
52312
14617
5976
84252
77940
27736
52794
37201
4732
32204
64553
70809
96891
3136
64107
