982
25177
27851
14594
38233
74887
67849
72980
49935
25622
70707
41750
90173
73324
13194
53298
35544
6542
64861
2162
14192
93518
97370
73941
83231
84449
28993
6535
52501
84147
86003
59300
99304
4337
83075
58769
40765
61937
73368
35795
30529
49952
95611
68268
24752
70970
50289
96022
18677
89748
69959
80089
89577
31024
9745
37178
94416
21438
73223
92047
61325
50307
6194
55392
82843
3030
36259
52939
65802
3008
9628
2618
17904
83227
78285
61013
54186
97028
20376
37723
87972
69093
34632
6835
30353
82299
35668
28408
59851
93868
91130
29675
39626
75074
83990
85609
53466
72835
53669
81581
3724
98583
68216
37012
64516
60111
6427
18249
11677
65439
83570
71329
57338
44266
37303
60862
1463
52191
1398
9971
75263
45657
34045
98011
92150
41416
34795
87765
40727
3371
79617
21858
51287
31727
27078
49338
42393
64660
297
17669
7329
41110
29145
92842
31564
14763
45035
50869
41847
53961
56710
17618
75135
10008
99581
20748
21298
87220
43454
57480
37371
2082
63904
74964
53119
75997
31085
6229
87758
66359
46409
3991
75907
4078
62346
67060
57202
72174
53474
59635
18450
29694
67963
82481
89838
57947
77826
66779
87385
81960
63568
26410
62723
99025
14259
22476
68232
28359
97600
65063
70660
81156
56222
1558
49587
38665
16209
18300
98441
17467
51793
12870
5225
95709
36166
78051
27758
71854
22534
75295
93888
28352
41812
65464
51059
76650
73779
7698
61520
67090
47046
33433
89603
57497
49834
51934
55712
47646
88376
46122
37989
3274
12627
73059
87135
12970
40044
92145
82425
44000
47317
5882
97704
89014
67249
13031
64990
24591
23377
42009
20265
34693
58467
53624
91176
87365
64669
76502
39545
91400
2910
66047
2954
1175
7022
58313
89157
82497
4106
23881
64641
84
46835
13621
44401
38130
45647
28198
33836
19448
9216
36214
95641
45805
50102
12082
14680
42307
89171
64061
12023
52078
97116
75284
15716
93984
44371
86216
30289
65772
91710
5652
59614
47766
42990
49180
28474
38104
98799
68978
17010
29569
95153
56887
69221
20108
84945
73890
61757
34477
21496
83427
22511
22756
33351
43453
69814
93034
37358
42671
2550
30156
23128
50098
9079
50200
56114
83918
78596
41228
88834
95526
92395
44844
40184
7722
44473
40241
1314
42235
91020
2668
53203
21025
56556
21602
35846
28305
30818
80463
91897
75749
74988
19291
18616
22075
18434
24576
1164
59979
67877
16335
67537
98368
69720
31480
879
35880
63271
34706
68418
42888
37683
23346
77942
43491
58643
31031
52518
16445
62214
76499
22076
14537
22679
48516
66478
35633
88865
65648
8909
65390
49114
463
50663
51621
28944
11795
58829
63335
47398
85782
66923
33671
58186
46689
25151
85270
79944
61870
41792
89056
76276
31741
90099
12985
80735
25277
16133
75987
74475
94273
72128
34160
15044
75515
17257
91215
83631
68995
73084
43224
65046
62431
94517
38933
99829
57617
18743
61208
51077
42512
84410
12621
9953
44453
71223
18752
23307
94533
96180
46486
64415
30944
16792
71377
83601
69917
33965
18117
69330
76967
57595
41192
22324
78213
96478
9019
95396
61831
60802
4159
79854
33082
20253
54647
25741
2838
43704
67058
67587
9172
57468
40591
90010
94328
98266
3305
8170
85280
4358
26553
56955
55059
83658
41744
79760
74194
21241
4748
82786
96846
40268
27572
74044
64593
10157
24384
37565
52335
3736
99527
2814
25414
41157
38845
56893
24800
22493
52482
12837
48061
43240
57229
91163
47865
7350
79587
93804
26855
961
6880
49644
68029
66634
13098
89117
3108
22726
38552
61658
87892
5393
8038
44278
23228
71791
30846
2127
32975
92187
37818
52646
86221
75969
75558
53733
30014
21977
95981
83335
81003
57083
50593
2986
9631
28634
23182
1004
38902
46152
12061
92440
71263
25570
3570
12321
51739
75358
62218
76338
73249
78025
99694
98854
30885
62775
74879
51944
35952
35511
20088
21163
7683
30907
84953
63832
70823
77938
38662
3850
617
25030
73734
3396
73283
53926
10051
36346
99637
22361
6587
50846
42328
14840
50055
49182
43005
48072
4679
31956
14727
73032
75316
50531
87084
39156
57388
86830
26732
37837
21369
32765
94428
22173
7030
72953
41161
7824
83209
83814
90589
95883
62552
49786
2769
22810
47515
63069
65018
34777
23821
17186
9778
4169
10669
26622
16455
54538
23160
4890
14477
36944
1720
11583
68199
5432
15768
35364
90760
72272
54411
14255
3651
84651
75656
7249
31510
53650
97445
21929
97505
83626
78758
71690
63715
95545
57095
83063
43007
11317
79838
98809
94201
67875
91319
25611
646
59507
14846
56583
23883
64865
99520
58268
18672
1107
85363
49397
93408
61804
77082
14402
854
37492
6766
88540
48106
88215
8831
23426
21834
35879
26771
91903
35110
70949
20556
19384
15492
22770
45968
35144
70561
25726
32737
21525
86712
24471
97024
1604
39776
635
85617
46610
21920
70697
64158
3205
18265
106
29753
37733
98811
2294
49559
69632
26503
42873
1199
19423
20636
49076
18364
28044
56336
32451
25451
13776
25445
68807
78856
20578
31912
43620
19298
77407
45681
63334
79510
31925
93033
53462
84725
43963
18516
12888
29528
24235
13814
70438
13999
81982
72305
94582
74512
1615
94546
40042
50084
2852
39573
76093
83913
51491
89641
30536
71524
78638
71904
577
31885
35095
59566
27285
95943
54551
57129
3807
78201
24351
59642
89208
21282
65809
64218
29563
80865
7408
3610
45858
48943
93669
66238
34284
97056
10109
64845
38656
57948
20391
16800
97006
54053
5644
3118
34774
24283
67896
80352
75582
96772
9655
29786
67211
4549
29895
41745
75227
43567
83072
49314
79552
28064
32234
45428
20380
6928
89923
40002
78938
66569
81248
39688
45914
60716
82408
61829
25769
75654
84863
26312
48697
60576
10483
4286
13634
27071
56229
41067
65534
49182
78229
12096
18008
76062
34646
15386
68491
2927
94272
51717
17218
32832
83544
94653
93629
1728
88517
6507
14189
32337
50284
13476
44156
28566
92462
13449
12509
21494
97552
53340
34010
30412
5357
79332
25293
7975
41100
33029
62905
97177
93477
39263
20398
39728
53617
7208
38832
40322
94767
45414
30478
9342
19470
73557
89048
77782
26139
98893
81408
2426
50113
13847
25566
56824
15668
62619
17588
34118
94894
19346
56155
