716
6967
18110
27644
42887
7062
75950
56866
56327
8002
54055
99043
35749
49707
9428
47115
62823
81609
99576
55135
4043
51419
16167
33312
50566
99984
40061
53135
53923
46430
29819
12082
49395
10413
78464
46569
20679
58990
99227
49061
74395
84495
29957
40696
61056
16763
78028
74315
324
48145
62836
94414
42685
2994
51328
60374
27099
14620
23556
47177
74793
82218
49826
73905
93000
67847
8800
74432
49311
59273
26790
17044
17222
68322
72456
97
86530
56392
98278
99394
78426
78828
80420
19584
4450
18127
71973
6709
60911
32260
51079
11900
55947
78881
15053
57286
25074
88803
44399
44325
2923
52806
36462
62059
83771
54744
87488
98193
21555
30837
83985
29446
91247
60172
49526
69288
57794
94630
81516
80927
76244
17836
3966
21374
77266
82160
56908
68395
75964
10436
40883
96364
78689
64758
35789
9282
52495
78586
17364
9660
64973
20337
1755
80486
98358
6756
58832
84165
91133
12591
48305
37101
62817
29411
49204
1494
33145
10916
72924
46980
55583
4655
72749
73885
46910
10824
88708
57138
9556
27616
95564
65348
11441
39625
53905
33010
9252
80854
99538
15543
75431
57128
44778
36585
16546
44052
6711
44920
51337
86132
22176
34431
50376
10255
56904
44629
26117
32482
67202
51617
2056
80921
26517
79716
82771
79438
86368
12566
92823
37060
1394
59127
51806
66141
11628
34834
5268
8713
41625
51024
36801
84922
45687
66843
45297
90038
1201
46940
83165
57245
27964
85589
16251
72290
90390
3280
84281
73017
21609
95318
11829
91921
93739
13695
44126
3069
46962
93214
59466
16110
81585
90824
40551
19532
11839
93092
70782
12951
77974
60950
58331
83915
14053
23125
80777
78589
72868
49
86143
87613
16532
38615
82375
18562
91536
64783
96602
54642
20458
15826
87986
5606
59021
96932
53504
41344
86785
17890
74719
61206
22575
4776
15413
92839
81557
48806
94875
33145
19945
49968
29731
40989
45390
36553
58377
66318
6406
93385
36392
53635
12529
11317
18768
89084
78434
78488
25326
69878
29856
69860
19423
62418
56904
55708
16827
81159
51253
42049
81610
64119
17704
76364
58965
42925
7696
547
41039
5361
82666
9636
61195
26624
78481
79696
64559
1830
8688
61111
8281
46800
13975
94598
3607
46725
37949
96401
23703
23069
85267
76412
66094
57889
97106
98378
76663
61724
61132
64891
13328
96332
58360
11509
51848
66734
37674
24155
13642
78408
288
51831
26076
14923
71062
72741
9356
28923
31321
86068
20987
55070
88733
43923
78713
47427
63773
8418
25887
15710
79462
17331
99441
84964
51296
68504
9927
31401
87681
87882
45559
53543
27668
29037
67714
22213
62449
63034
74097
15594
9786
56669
67533
86219
36453
4385
83343
25679
52774
74588
96290
89740
35438
54627
49279
21717
70083
30340
20342
65121
43450
15877
71829
87996
56478
57415
6337
50791
74289
70394
87577
37232
76801
34104
71206
33388
24561
59699
30579
83943
8410
68140
55463
76701
8715
63120
47925
6404
50162
60644
38936
47203
1463
41771
1675
19448
35866
27891
43073
70936
37964
38978
13830
5376
15053
84404
88976
81514
47177
53179
35952
75249
88998
15911
5287
44017
18757
24301
50109
57820
14847
95650
5080
64528
28896
99640
32746
38372
15766
22570
75888
20092
75498
70250
38152
94734
59990
84922
52016
68856
98073
93868
83157
2737
96660
77761
63275
25151
82749
45373
39687
8372
61354
27879
79275
9296
77781
60822
66835
88919
89182
4683
93432
6871
69965
66047
39075
50318
98355
20526
15804
97248
97330
5854
52270
33036
32103
49022
68922
36114
98505
14822
14109
23705
71839
14841
5747
1785
24161
95736
50609
94791
59472
33520
93884
40056
60900
96645
85337
19567
91728
4788
35212
67351
42997
2588
72978
34643
74406
87933
15055
16962
52385
82981
93895
47335
49436
12720
44
38106
32259
60692
41327
10125
32634
4380
28803
82602
64708
93823
57857
9479
25052
26177
64614
38910
87755
86198
2792
41302
85809
68084
4177
98304
52194
67595
57104
70277
79286
35068
61634
62950
43628
9717
97564
95367
34592
13505
71974
30648
20078
68936
96705
68740
80177
19250
82975
16005
40573
71809
30280
40382
41492
55858
29817
92806
85103
84390
98813
25669
14576
36494
11506
67350
91319
31361
94931
18155
53480
48028
13255
17513
58388
55974
73079
94852
34388
60843
43953
57306
93374
36854
3281
86259
84363
12871
82875
11692
553
2641
15582
8408
87576
21360
54763
11428
39038
10521
66804
79195
6928
909
77427
42704
99118
79634
86272
66263
83944
91265
50996
11329
72687
95396
82134
38691
4845
23413
82973
