519
11739
28943
78083
8210
73461
48970
72169
97186
1612
85372
84781
38394
6353
516
74721
45181
55775
7269
97601
25642
46114
15653
6898
22872
39026
82686
62317
19612
24365
35520
50835
29403
99045
61496
46978
71424
87823
10401
13239
79445
70210
34023
68925
26657
19233
95971
36364
57615
2379
20795
7014
6135
42838
15576
56898
43700
90010
89464
80695
46783
2256
17038
6889
93462
2023
39890
2581
99813
23674
77524
75868
84771
37799
23411
36152
8506
2237
34976
78293
63847
59685
87317
15228
12851
74533
49625
95469
51373
77420
60539
6866
53317
65048
24113
86067
93234
84858
21572
24297
71015
19505
35722
84407
65671
74380
14645
21576
26521
62957
59236
30620
69589
79397
5155
26553
84618
45533
83953
1849
73802
20315
90383
93829
37232
63729
53356
38615
91973
54374
6500
84330
61825
70133
80964
85507
3024
54729
97891
3134
37501
9477
20876
90312
49764
69189
39798
52200
66107
43895
96521
30748
75521
33982
30310
79636
70582
55298
16141
62932
83526
42950
92709
32147
67826
37736
28504
10713
28832
97560
54190
42302
38348
17657
97382
40036
77515
88120
91969
7264
39969
64929
98296
87450
92938
81599
62793
40621
37835
82549
66050
36918
33832
16428
56879
3960
48016
87890
46566
64068
73973
29683
42278
49824
16942
23419
31540
92014
78206
67043
90695
32690
83958
59736
79434
27904
94591
50899
782
69616
99254
78854
51310
74325
47431
7021
59901
57191
94440
50603
15039
34706
40958
75166
10395
76428
28022
40034
96382
56863
8428
54012
11373
42246
53063
8738
80480
83829
66401
55824
12017
79179
79273
97952
92241
6101
58965
71229
77442
29950
26813
6349
9168
34452
1682
69492
33111
28556
94065
403
85122
37447
60002
84694
18833
94501
86637
20221
88552
12805
21926
63190
68347
29813
79879
68730
83689
86736
49684
72741
55512
25503
12156
97105
8245
60417
20180
98724
73133
9080
31161
24345
26102
47725
88980
77783
35408
89789
40524
53864
58537
73376
37616
44343
20043
83192
18990
75010
22475
25617
88948
90352
91034
21750
9421
62388
29300
82601
378
63658
68128
83029
99899
10883
22730
56594
69656
55402
33998
92190
44190
69276
59282
25143
13064
51824
95121
80380
93832
60336
59832
43367
732
50871
37403
5692
39118
284
85793
56484
58851
68993
42536
68310
81239
55528
18424
56741
73562
88521
56137
76498
82849
99533
44784
53867
56263
21026
23651
45057
69319
57755
78848
53199
55128
87030
35058
32908
77949
53490
71307
60628
22575
37480
44388
51430
77396
92561
86553
58492
73478
67362
55062
194
4597
49710
50380
21560
93860
96852
87078
11738
91436
44608
96906
67260
84852
20394
67049
12026
78433
20345
68233
59274
51678
49092
7121
28221
37714
62323
45376
8654
72432
96813
63776
421
52534
20418
13944
41590
6405
85382
92536
79002
25609
22307
93127
27982
26746
69275
39600
14197
13536
90865
81472
89938
87199
5179
36398
69559
9550
3500
97986
34367
57705
16834
88114
15953
21898
56338
22073
78773
88613
30526
72168
87706
20093
21129
60812
64424
88283
81636
87675
7562
46302
7781
97115
76010
23839
17627
21917
12091
14150
70404
97251
11950
79837
47872
24814
34173
42195
19759
81278
74473
34609
15688
7436
24214
94346
29995
84881
73628
39069
93006
5549
16735
24477
52571
66143
64353
