691
4629
96835
36850
31465
28474
74394
72552
74250
43114
39506
29259
16118
17243
85208
92437
39237
64061
53533
45996
13378
34370
66340
98366
3226
75467
88234
30701
45825
85128
5880
39523
24299
51792
48739
72013
31292
87015
95109
81139
10968
24314
4302
59963
91953
79713
90920
49691
75259
43622
10389
54449
21026
1133
56267
37237
85797
58360
79315
16157
98123
86159
25919
27775
24414
79385
59173
75332
69252
69751
69773
33533
74802
23474
5853
38795
32483
1035
51000
54047
96707
55717
57881
60581
95312
36
1290
95960
64198
74732
48880
26598
94715
13671
60453
16396
71523
9858
17386
28699
95924
52664
52649
77823
35059
24457
98804
28556
10937
16020
96513
27280
44878
44455
9269
36720
2773
34685
71439
37875
44452
56291
56166
57267
66495
91047
87281
75430
41991
43383
35087
73422
3005
95916
29752
78167
81959
55274
97982
74533
26645
29618
78776
62335
30254
28589
2276
49814
72598
78848
22058
91655
51591
3943
75715
99224
95124
25922
11143
73482
82589
7945
56702
36881
72631
72066
32227
69577
29086
94439
94897
87410
60612
1391
88986
34365
41193
64115
21843
595
58445
17182
19688
18594
44606
6641
26382
34754
81091
7152
95852
1259
31683
34446
94624
84195
51689
19295
74728
37701
40820
2306
99248
51176
56081
54984
2851
36762
77618
31865
47881
87731
25260
10951
92940
4893
56379
85232
25337
57778
36781
26792
21417
20099
65427
56800
89472
94876
51134
19632
18796
23612
84783
77427
5429
56039
24095
12600
50214
42194
9711
50110
28027
96994
61088
88750
8378
78943
58634
61305
67070
19268
4544
27061
66176
35508
68953
37032
95339
64492
70308
2170
61237
53591
9282
37891
84028
56332
74074
54473
9691
88640
61603
12151
75396
15415
13894
62230
71398
53612
51868
51040
27396
97647
99756
72322
13924
95697
32563
15374
90051
31327
46253
71295
47505
93913
45745
27678
98335
53428
69370
3335
28289
90427
20064
48926
91337
70446
53380
66815
52106
93526
80302
84052
92456
94211
78889
46050
86043
15116
72923
85363
10417
28043
28032
59904
10077
30632
36168
48002
45845
3644
7841
33897
66043
74260
68200
16597
13184
94120
57796
27432
36194
7362
71816
47242
12723
53530
32577
72806
98627
22987
79247
93940
12487
58336
76040
7632
31834
74364
85552
13662
24759
51155
27415
7316
65643
40262
44137
9157
87013
12212
25762
49228
825
65126
2895
53644
82005
8863
3684
65212
44617
36843
84497
66546
56800
98597
86324
64070
34437
90076
39349
34389
25492
85906
36656
30669
47060
48010
24719
96021
65394
58398
13082
33295
15507
40440
88565
36271
41450
52564
30366
95918
923
61061
61570
57220
18645
24577
39899
16991
91711
51870
85897
21192
47176
26518
70329
41425
27179
27565
34193
84626
30146
13416
94560
17392
67973
77831
97341
66965
8547
31499
14141
94583
60559
10395
44490
23700
23309
63042
77063
45572
68018
22765
83870
17707
39162
28199
69972
16921
64423
15511
77907
8032
40089
69224
50816
41668
15062
85009
91161
244
31135
67449
12954
69837
89770
58518
74599
27513
6336
68433
96714
98614
81642
59487
14710
56544
67525
15657
89454
8830
28389
15989
996
37513
3801
18164
80107
39386
58594
50160
90335
42148
66403
2523
59244
56264
10157
11549
71749
59082
98774
24530
80668
97769
93162
42250
60076
40635
6568
41008
25551
2636
94468
86731
72076
20161
77369
67118
35137
52641
46254
84225
63480
44088
84894
69571
3011
86368
5811
6593
30493
87816
37438
71111
42972
65761
18835
29545
4280
49584
55326
66684
73503
2108
63483
50100
91937
41478
87143
76673
84876
73089
97465
88187
42465
21695
99510
87589
79881
87549
55442
35275
41278
37211
155
55608
4224
79607
68973
37920
61734
71008
79069
73348
7588
38768
6310
29117
27229
12980
77495
25275
1377
7665
54273
45358
62352
98663
19516
82133
4172
4073
89503
92277
36634
84949
66023
9774
90888
48840
11323
46771
29386
56894
75808
92801
86682
6371
33512
8505
69160
84787
83563
98395
71594
69308
57222
38664
26337
75603
29544
30725
86962
44048
72323
48867
62367
87992
666
51336
59609
18735
59445
28123
64164
4937
67797
65893
84832
20370
89968
20718
17182
83228
29017
2684
34195
92682
46231
92926
95691
23887
93596
33270
79157
51393
9235
51444
73750
32683
66483
10662
46533
98527
86092
1417
85416
64896
18037
25432
46816
2394
74498
56976
87686
73436
48801
5140
