78
23023
74236
73955
47528
75261
35754
60750
56627
61265
4579
63038
84322
89110
14180
96698
48190
90427
78445
48619
52407
51257
44316
26957
27348
9390
2372
7265
144
56500
13116
87897
59115
21811
86585
95502
6345
55497
60735
61988
2140
74660
60144
28060
92701
82496
80700
15201
78074
22112
38253
47963
21279
80485
39603
1452
21507
15176
82732
95115
74345
36648
69860
53240
20249
42453
21681
5020
38789
66019
14036
2608
80711
72415
19345
94272
42406
6233
24246
