414
74899
86480
42150
4701
4494
84048
7460
39552
2813
78704
45063
56714
9843
57905
82416
41617
14636
61586
13295
2355
69935
71781
4097
68716
89717
84493
3307
47692
46941
36896
97259
45695
41245
19282
21811
613
11862
35656
9185
27902
29771
89458
21977
74039
14865
61650
2219
87954
88891
17202
42384
66496
92977
23036
67345
3477
69734
85549
1574
73539
34277
19070
84204
11855
35896
37966
86134
8572
42733
24555
77947
22988
65462
62615
95170
36548
72818
41975
48314
6082
41751
33543
29082
49099
28044
6070
71323
91479
39432
6088
35514
34580
42570
50632
98958
53553
37648
88753
50386
21565
90001
72270
7265
65681
16782
38811
96892
99295
88539
50929
68219
43305
20525
53917
30344
43612
96613
11913
45776
16102
89862
56994
41772
1870
18143
39186
41491
95281
632
96638
58158
15360
61559
74713
40090
27009
61305
10331
2194
82760
21733
63610
30390
48005
52602
22725
99467
93111
78958
29862
1961
84293
15612
76237
45940
81857
34110
92386
42915
59144
20046
16265
73646
88450
24149
56192
89212
1228
69253
78240
77463
19034
87073
38415
885
68965
23664
48827
90871
42739
70497
13984
65554
32128
49282
98505
23585
75079
2974
90688
54643
76679
22868
7810
98945
26993
72206
48411
82670
23880
50469
34505
53959
23021
79293
2300
45018
79679
80918
93932
89893
17153
63147
74624
34562
55384
20951
49828
86292
59849
14225
85107
62557
25666
83585
37858
16325
94752
21709
94478
34165
14868
26391
69130
26346
88618
23287
61025
54023
27670
61313
85971
67562
22961
51662
94902
62230
65105
42658
67216
92692
948
96938
19966
26158
91953
64913
5281
55523
48040
29029
77904
38466
46517
27022
2283
76234
9913
49211
34416
96712
8811
44763
57478
60391
76165
64986
72222
64955
68165
17866
43279
84502
83320
7371
80655
42735
56263
83522
92119
86025
75658
34771
76611
91825
36640
12907
41424
20707
27377
92575
16616
96139
66633
32372
8967
75160
54601
22603
84775
55195
72834
75941
95859
47559
70758
41560
66383
36520
6019
756
39457
34351
63839
32629
41936
37383
66608
22100
63437
85861
99051
19342
61336
31254
16651
49654
97314
18701
75383
15878
83043
99378
19350
31622
62661
97855
89601
72922
87930
72849
72152
38356
48305
26341
86188
63230
2629
35582
24417
42141
21755
5342
96741
76028
92115
63570
95672
74760
49134
52684
97341
14409
6300
813
35480
69492
20879
92570
37419
14847
90404
97324
90926
19184
5476
54441
18622
32981
93867
59576
72748
7028
78489
43876
27208
64798
37569
88816
36116
91695
99158
73402
48467
97375
24121
7600
17089
53456
31827
66110
16711
8298
992
