1000
90748
32946
34467
69985
79315
57917
11247
15639
42039
19188
61562
45809
78358
43563
91645
13604
65332
68543
53616
16553
78352
9881
2880
45540
33705
61208
10565
91144
93592
34410
1717
4396
3986
26912
71335
485
93637
32552
89798
88576
48552
96451
46831
8636
90439
51081
98879
57085
29913
60692
78613
87031
35629
44310
97260
76045
59087
43705
20532
64632
81485
52084
27189
81961
3787
21641
65578
91912
84095
23722
7982
12134
37433
44021
65222
81545
52225
57048
64644
77610
45013
39055
13510
13706
70415
46663
66753
79050
26790
9643
93172
18868
49815
60590
87361
90925
65892
51704
6012
75983
85275
89435
16696
64413
50788
51453
34854
88944
22211
37204
90411
24390
68665
43289
9300
29213
61752
47917
17164
60920
10732
34927
72563
57509
57697
87160
15282
40615
55454
31404
71653
62444
83786
22719
93280
88271
20739
14618
18173
78999
74806
73424
33996
14157
1094
60024
91989
74734
70048
20362
67116
87362
30761
97142
85047
16616
12629
99587
39851
80584
38851
45502
7593
56360
83196
20467
20517
36742
87500
82685
4075
97172
71521
78818
94817
32824
9037
26083
50976
29785
14519
58958
39556
41337
83218
35029
33859
50684
54185
43823
83569
14769
20507
64936
25881
395
93978
77288
90640
43440
42435
30086
15039
84750
57163
47830
24151
62145
75057
56701
52428
67000
75630
87676
78252
5966
96511
32955
18755
43679
62703
6578
85298
40655
4703
87547
31398
42100
48450
4355
34333
17972
96131
53491
39255
2388
81026
31334
60382
31375
71860
98754
77662
31918
22538
90848
89306
72443
11672
30389
80641
45074
92979
2915
48009
13431
82400
3801
72743
26198
40717
73247
74739
66345
71461
93785
87754
78637
43080
36732
89257
93928
61612
8978
86526
47766
65529
69516
7651
72943
87930
56371
71202
30883
32956
88848
11542
35154
43048
87509
18104
11866
91610
84805
6458
36382
21652
83032
76532
83483
65166
53052
29142
29042
20256
57191
5770
45246
33465
22779
88557
38536
33276
88986
47533
89699
87420
98944
50352
68906
11410
11552
56142
15025
38629
62971
99556
88126
73348
16455
33687
26880
87185
1044
41276
68435
86826
54519
42435
17318
76221
54138
24137
82094
60027
39838
91763
33723
86686
8913
96270
77957
9371
88605
21870
75624
50886
73642
28568
89254
94682
49407
31541
82290
88291
8282
65019
47968
37764
6615
22224
98988
92130
2846
84849
6201
65395
63520
55689
34806
20293
23212
86255
89923
42761
36857
47527
49921
69044
68517
26500
35486
88338
19342
43771
35210
33079
9256
78116
84301
86240
91882
52885
72090
80421
257
85997
36064
37054
92089
30402
85479
95693
87642
35146
85927
13168
70732
38463
27772
70260
53940
63834
95996
9619
92787
27539
56715
42782
70473
81939
76560
6464
64701
12588
95074
18663
51170
79241
77425
83702
94538
40917
84993
21944
26941
33417
14757
54752
16619
74014
74917
58125
84753
52531
83818
9512
37317
30621
1988
91457
40555
11753
32989
83003
83646
63306
57790
65206
40182
69097
99468
90633
61269
65802
50349
18402
7388
69932
32032
96068
53586
33382
263
77605
83142
75038
51264
2757
18529
23533
33858
27180
25335
71959
22618
85101
64711
89190
61272
86618
63028
54441
42730
300
13563
81805
52337
48411
24394
79698
64356
46876
79108
46516
48167
54986
82482
38288
10326
60912
22010
56664
71335
18235
87955
96357
51916
65991
59533
59952
22525
10136
82936
95015
52013
17881
38056
33488
76569
77994
15107
16617
98479
9962
99788
69987
15728
62812
96188
52706
78091
30420
312
42403
63141
24309
73964
33393
66456
87214
58612
19244
4310
1097
11972
2929
34292
41849
46212
27847
9515
59546
96003
51244
95463
17951
47081
87868
95065
9826
11562
36213
47150
75672
44926
62265
86254
92677
61417
56417
77574
67933
19535
98033
69926
65387
17383
59164
41627
19534
58791
53951
49537
40524
25487
93537
29833
95126
18013
37615
40605
55915
8639
43228
81009
47079
83253
99026
69432
79401
35969
98935
14029
59255
20202
52983
63001
76877
52955
55080
79071
27693
15328
27564
42929
97140
91492
40614
53745
44242
40908
60946
61371
52047
4038
18674
34497
74136
577
93847
41757
95516
90978
14864
98663
43539
37041
29833
12271
29869
15351
58915
37581
78073
8599
60776
44945
93051
24073
49505
86142
58344
66109
79716
38261
5216
19805
76983
99177
83485
87037
28405
6166
78223
52597
63785
50060
58719
48238
51775
61371
16534
25463
7293
51930
47980
44100
56632
5837
63050
33007
34906
26916
57585
81699
96800
66339
68381
77263
6096
73758
41987
9602
32020
37988
87081
29875
21199
9208
47619
61956
32837
23614
29355
34758
21724
83614
35846
24515
28762
81894
21760
70389
91934
96066
51038
54227
21970
22118
55409
15863
96469
59502
24785
9040
13788
8478
25198
89855
13776
91159
32268
69559
16254
61781
88567
56629
50111
28766
41792
59191
46008
71471
97322
18232
43879
97862
23515
94427
22774
55842
81016
37024
95078
80638
8372
21895
19704
33351
85423
57669
79616
61689
13216
23834
37856
92906
94602
22737
33254
51061
73198
98610
2054
76029
90089
1064
14960
9999
47386
47943
415
8777
25708
72989
84422
29768
88655
27456
14798
46320
21535
41638
53496
38956
93854
42212
14441
18055
5526
64366
96351
39632
75268
93862
10053
86166
56316
23523
28078
97765
19390
11052
90631
55493
25721
80666
86524
38281
24025
19731
90257
97630
44438
83369
77128
20164
29725
34995
57155
77122
39482
18763
65505
91976
86593
81116
22260
92656
16853
32959
27570
53194
22456
71384
89571
71147
87966
60480
91943
71759
3420
4419
95557
77592
43350
32852
34412
33220
2845
58575
9872
28602
2133
60490
9226
21864
19726
91096
74657
22482
90834
7028
26963
59230
12514
73649
4679
23772
29969
219
13767
50392
39394
20885
95594
65120
31995
48559
11691
13395
21019
93656
12573
54385
39101
57773
4935
92254
66739
83549
56583
99872
54369
66291
81727
78888
30321
10355
30568
91562
44808
43880
66625
94383
86181
89131
52809
1264
19793
22541
83001
4984
42152
48483
89723
89540
13411
53845
30469
73201
29795
6724
5364
32333
24239
11813
87029
69410
38265
37533
49899
5155
91063
85520
70689
94363
82764
81766
34320
87747
8055
30525
20330
87970
23575
87054
63652
77095
7928
73296
80586
24763
76712
81837
25942
21688
66582
87758
491
21430
82192
15459
59266
14917
7749
88102
80676
6799
