210
20984
44047
10500
11171
7012
28869
29676
96351
82354
92932
47827
52805
53425
8464
4916
21533
12551
35500
109
30587
68988
89936
23129
78217
74379
20065
83231
54263
27342
39854
74403
38384
533
79847
88196
2804
45375
7265
61433
64599
94570
35759
25046
77918
577
92210
2462
30085
19442
33097
91153
7188
73661
6150
49401
24541
5228
34384
1781
75323
60558
59045
71542
36722
32689
15637
45787
87077
22956
32877
80236
29808
74314
38327
54380
90312
71503
26362
94938
50555
99478
94292
95801
12748
829
80629
76008
38267
75354
45871
33835
90910
20516
20628
74653
24591
20227
8526
13036
94771
51166
72031
75405
40152
90853
48213
58559
76638
79699
38393
31530
69049
10487
90777
3484
97760
93035
48339
18744
17221
69241
65623
81532
11207
34280
7545
57647
85708
53396
30943
48056
4511
50578
15270
80247
64808
85321
52749
17202
30599
26757
30214
40978
90160
80632
35000
28127
80531
23909
95466
97591
26761
54235
23057
78167
76546
67057
57304
12321
71936
31891
27766
85842
88958
51031
37610
48712
93272
48950
42409
71602
5390
58711
44679
64490
42538
42881
49801
69182
5875
10769
32171
25884
11599
71258
41793
5475
22344
91046
40981
93772
21351
11825
98452
11808
86005
16720
83796
57057
59676
26289
99180
54509
91137
47389
57091
13652
9451
94484
63036
