977
28809
52216
90343
24468
32615
50540
40532
35920
69048
79288
67228
90802
1306
77700
4164
60323
94963
96302
78552
30506
92102
43426
9945
44918
17340
96753
91699
53335
84358
81442
27207
67167
23236
90733
46356
60858
28675
52336
58935
99974
37073
24507
11273
21329
76503
39383
99901
38242
97753
97986
61837
94906
86902
61214
4863
47852
80316
74254
63211
9609
51466
7981
64093
49944
15646
282
68818
13401
3445
32651
8502
78406
86746
82966
68925
52801
2054
54079
91627
73446
5102
89635
49099
53394
8012
53491
20745
99147
95639
67178
43290
2650
91307
71025
34375
97896
43799
98903
91329
60436
37209
33961
48450
19568
83248
43308
35581
47602
41547
73299
18400
88375
27729
23865
16528
88049
11269
10303
89433
95242
75579
63988
52064
4654
11298
19666
32268
28630
40421
86309
10235
94452
23686
937
86592
81678
86551
20408
10223
33465
10117
14836
59498
98562
72540
88137
11312
86560
93728
66126
51181
47955
31549
60680
74625
22741
1306
39643
5149
36490
41894
6485
7378
61249
31847
21167
5218
105
66366
74217
24430
98878
42511
59739
66554
36171
63818
79860
86888
93881
67977
53090
93035
64277
1541
92125
2537
6872
14220
62807
98187
28592
21951
35289
97853
24101
92726
90880
11972
79657
42079
53613
96376
13500
86150
74282
20680
98528
89412
6487
63198
88894
61454
79204
12207
51154
2571
88419
336
82756
71515
1597
23970
85860
50359
93042
2762
52912
11244
5666
15730
11861
47695
65248
9837
73566
19201
56939
14596
21663
71936
10611
11941
86065
40764
31571
4457
45269
8117
56230
97038
9758
93817
8517
57132
49059
76619
82134
46966
38378
3020
76202
27482
17254
21777
67392
18193
72302
93642
10356
59762
78837
64950
20065
66829
62110
60996
4620
77474
67831
50565
85145
2640
63814
56469
60598
53990
29832
38654
49616
81842
31148
56190
68972
86209
12666
22391
88786
73434
95329
3326
38324
18504
4082
74159
23019
58841
7653
40037
53321
89249
4361
48645
79019
49624
45336
70101
68883
97164
46735
96498
74800
33032
5983
18223
71989
9759
3502
67046
72486
80161
41079
77049
67752
61144
40736
3603
68076
76474
3881
57891
71413
11461
9473
59879
12322
59461
12126
86193
12891
65209
86271
90993
81856
73203
50917
7736
85522
70733
1033
97632
44713
74593
66202
96616
95637
48130
14978
26847
89372
51000
24213
80994
94624
17850
36662
58014
11486
34119
37285
27643
93
27247
88926
27475
77411
19796
81416
51313
37814
97358
64674
70368
8698
28569
55976
39911
61043
37163
34360
83172
56673
66718
60953
11529
28893
97599
93088
35472
61254
72560
92124
44334
50383
62590
60205
84468
13142
57781
79539
45318
25806
99367
69276
70737
63531
78552
19721
48956
42064
15326
11346
98767
50471
96210
76955
61748
3595
93712
19364
30785
36027
12249
54070
93697
5553
5376
6665
47376
73381
87413
58097
42715
80863
18880
97408
53431
48012
79634
11203
22984
77806
56215
11847
32924
62084
60591
82279
53280
49763
66394
94335
81040
56211
95655
39582
46281
63764
14190
96952
67173
87708
96985
49815
64881
59491
6280
56642
7292
9491
84539
74049
36503
15355
2065
28753
49221
18752
14769
35855
41454
3308
81428
64871
99320
69566
61758
62058
16321
39020
66701
47837
44093
68548
60580
21493
38426
59063
21096
21839
45252
97723
47627
12156
82362
81749
70882
80472
11723
33737
57691
72139
64614
33246
23555
645
77141
57553
62549
14745
17296
45637
79283
35246
36327
73770
60826
13160
57006
58543
57876
2433
19277
83711
53898
85098
39817
80953
88569
34461
6168
81416
67606
52778
18434
94917
34854
73924
11902
66681
4539
78650
42507
7722
51650
30302
93708
94287
36651
2243
68141
84203
97073
34717
60305
3559
72996
28543
67600
15831
46058
55766
86157
97384
62311
43266
55234
8211
78117
64349
59318
64855
15255
55450
70633
93640
36483
60357
16405
66650
56038
92721
85032
354
80916
99128
43191
27311
38212
99655
21983
35118
81435
80552
44350
3548
84408
14607
8299
60786
25233
88724
10867
22725
34755
25402
96303
75488
34057
95026
38616
10647
13773
29285
23377
25060
14296
62533
76644
52807
50491
47511
99844
5392
87072
14644
8656
58227
11559
69973
41195
36296
70565
55801
96227
20032
32120
30255
85664
13569
11873
57223
37256
91900
54206
36504
63185
70869
90642
45514
18172
24526
7432
8507
6736
8050
41755
57055
63420
31247
91740
96364
22080
67610
69326
46060
10722
76956
46966
81154
56940
65866
49285
59197
65652
9465
19000
82978
35598
10526
42799
14650
14025
77437
57293
26770
49951
61276
67813
48528
95622
4041
3492
41273
23030
15034
962
16503
67759
10464
55948
91560
86008
22509
7128
63568
12232
8428
19889
70503
34702
67707
18907
99806
64131
5843
77998
99568
56587
67018
13247
45067
66062
94747
41176
14339
44346
69539
57529
30431
76275
15657
64256
35151
36955
65254
22351
69358
84217
17500
36427
48228
54344
32730
83282
36418
12040
57231
81134
47718
16617
82957
58858
16474
5555
8302
25230
14011
63876
80978
57072
12232
43170
72120
22130
28736
17652
51953
27640
23032
16313
11622
38747
51817
49952
3289
42293
32775
59867
51117
40964
10999
50949
19481
50376
69883
36120
11545
37419
79210
11332
11309
82004
27170
756
75266
66354
40167
60317
26024
96052
54528
4401
99553
35310
67611
25348
50166
95242
62308
8232
22900
48424
68563
4500
61660
55592
98296
17173
33310
81090
65985
67601
12824
42485
86164
59197
92687
86765
21246
27079
50929
10641
38295
64231
36476
45663
21784
44566
7962
10243
80872
21200
92701
90128
84341
64259
16215
46482
54118
16720
89526
66429
49174
89068
31362
64801
75576
83947
45498
17759
65637
40551
69643
59090
79327
15109
61592
98192
94505
68667
90815
25098
69033
16225
59217
52375
77455
2349
83493
6338
47691
7543
33315
20708
49068
56925
34540
4743
11996
98195
14689
54787
91774
39390
89128
53334
24199
88594
60717
52873
59099
17559
33124
73180
99352
79091
18567
50151
17630
44104
54438
61900
70832
88398
30086
23547
83066
51495
64971
85985
22030
10302
72470
95869
50774
58866
89804
74195
97102
62185
53880
49029
46207
56807
55272
34310
28672
3850
8139
81130
45602
61124
32566
40479
45364
30200
