577
67162
42340
51545
18488
63464
47077
66250
38617
8089
59346
36429
60023
41010
60878
18014
7924
78084
32943
9457
54349
10636
15401
57770
75437
4684
18530
89349
80935
52091
96655
47222
31258
41621
93490
58601
47368
11758
73125
27075
61826
19104
57700
42275
55544
6255
3054
26538
74097
81315
57060
92846
19872
27511
61798
71268
71930
45882
80405
72122
94119
96584
52152
93277
53808
45098
5208
46265
88550
38467
85528
71313
26052
33646
92458
34912
84001
75179
46879
55229
50658
72606
56104
80421
74512
59375
81258
52859
71900
24496
57457
28257
95181
95765
64914
82919
90836
19128
99937
34535
16865
22589
48793
22442
81864
75029
24566
41726
14378
50433
87357
2266
70468
86204
31581
88557
39812
80630
90600
29093
16289
9004
78572
45106
57645
50532
62152
37627
70667
8858
30532
89117
23253
77899
11368
1321
2788
51647
62201
64549
11482
1694
52287
55229
13589
49472
38109
88371
26914
41521
27345
9498
81546
95594
20698
96620
52469
23002
18757
57000
9502
48303
81918
45741
17985
41332
35424
3631
66658
48482
18682
10223
95414
60299
88290
74784
44883
80640
97585
42539
52277
69014
92010
76522
73475
12170
79255
86424
20017
43638
55842
14949
61515
70600
97751
59484
58891
86357
51642
2320
61962
43610
95383
46168
26046
38872
71853
3382
76612
11565
38340
67113
78406
92676
15386
471
46082
47352
63544
15877
67033
43382
64274
80885
93951
43261
32081
79078
4579
61359
38996
75042
19188
49698
89638
80949
12487
75953
45357
98945
56029
35479
59306
18336
79568
95555
50828
79455
45427
4484
17163
77140
88613
10780
53210
65913
87223
28428
26008
46231
92658
53015
29540
56597
67174
80515
27657
69842
47560
5625
78118
93559
77981
79744
19168
4462
32517
90055
91537
4328
78465
80634
63409
71245
15175
74110
23630
94024
60013
68125
9344
19945
42959
74677
38196
16376
14457
42432
22431
45398
67276
52148
52415
77166
22507
3611
50529
22566
32221
18818
12847
48626
6897
70601
75695
51155
84438
8518
66876
98285
19363
94513
27272
25826
85763
79748
17530
60798
55615
50927
56645
73013
35301
49581
74535
6255
17432
20968
99069
20369
32577
80602
39508
83513
66020
95919
72958
89840
38387
68137
88183
42031
35781
65146
92011
30408
15017
60
37549
60755
2623
72088
90588
31493
52436
86418
10798
37555
25966
48094
87707
83044
12139
81160
37975
17720
8570
58857
40065
73333
45253
43225
55218
65053
43330
23220
59468
40465
66561
9257
90476
4054
41192
89118
95063
18620
91081
75210
48598
86721
59304
76418
5758
45044
64839
9119
33689
62487
73571
21427
73231
18805
46479
42288
71613
54798
64734
82833
30906
27327
21352
11169
20542
72854
12122
93839
9295
81716
54718
47200
82439
12033
14220
70268
23094
26908
15711
36860
53364
21505
80187
9387
50422
17626
28698
99211
75498
42549
61469
39233
79599
76198
33680
53196
78766
46111
17649
3196
23846
73217
62373
71949
24965
23083
35667
89628
29306
97083
61610
46393
92274
5855
46562
41243
26769
3434
20701
5387
63042
24628
8865
4076
2492
60473
84397
64681
2745
27018
52792
758
88519
31230
58097
1963
43001
14465
4376
37889
97863
58741
36941
80241
6535
73953
33675
82257
54977
45199
15415
66844
36984
8578
96200
65678
96868
41054
59137
20294
21437
95449
61699
3226
45273
85105
45435
42326
18583
24469
49449
34605
75272
61592
4373
17316
30390
96489
14184
23444
30737
65294
16871
86379
80168
84358
51801
74271
61999
90664
51541
28409
84943
85395
18997
51937
86131
86003
46897
45328
34998
18774
85961
13248
95237
38703
70571
73798
18497
46368
66272
85584
63132
82556
12179
70680
54080
20538
93141
52253
