259
43166
91475
44482
19299
87411
36141
29361
36091
62456
88434
30089
87813
99136
77556
43958
17822
68312
26910
29015
13214
13653
92498
48220
70052
80356
68499
62460
22381
85483
1934
29445
96546
67879
98256
9432
6255
76054
92757
615
61036
938
8911
27196
20919
37079
24044
81300
93608
60647
15206
76319
36881
45507
63645
3665
98599
99664
55015
97584
99445
93551
24237
3346
39416
68895
58876
13017
88063
62326
92994
79960
644
51432
94576
48324
87557
32591
74001
37018
52857
69742
18431
98971
9108
11131
87563
36004
70504
57115
89909
87198
23892
76281
95542
24382
78269
9392
31221
82217
97261
71115
46868
22305
26296
57993
38534
80873
36358
97810
62364
77787
19667
30252
76441
71014
89059
91709
3023
25099
52529
88077
12331
24858
57124
78584
90879
6165
22247
60956
72296
94609
11460
43635
76612
39717
23990
14318
25223
7588
22379
65720
73028
47968
51139
19269
26696
83153
42737
95348
98559
75593
51885
14716
79371
18659
6859
79938
99913
60745
17445
77892
91448
16747
33128
64870
48026
42915
2251
44309
39882
51196
43134
23838
26450
17363
1528
43142
69983
93636
35269
97018
56319
70913
36636
39063
88035
48365
75667
40574
27037
58863
23573
96543
28585
67542
94374
16015
26818
7785
25037
7642
3026
44028
99633
72910
92237
53965
11413
49289
61140
4132
48193
3497
20912
52274
81112
61080
22217
47534
34507
72674
16475
15206
15617
59608
57404
6640
86734
51913
59958
66874
69651
30333
29918
22653
82417
10599
26752
21719
21850
63015
24778
60610
21742
43308
93254
22685
36319
21728
24669
10652
21260
36555
2376
98659
10493
65454
13610
47802
