32735 2738 32072
8650 8923
1877 4736
29433 29716
11796 21946
26009 31358
11215 15851
12579 30688
13418 21268
28224 30089
6259 20056
31117 32341
24068 26800
29595 31850
24811 29886
571 1167
15881 31515
14072 27137
3576 6193
16100 25129
13041 29858
16280 23657
15852 28810
1398 23623
12040 12988
26417 28768
5422 31097
656 1242
20721 30137
13934 21837
32441 32728
32262 32514
19489 24571
4461 15250
15517 30173
28512 29109
8544 12195
13376 15939
18557 23054
25179 31945
10060 10835
32621 32624
1039 15248
11111 17175
25301 25922
5230 25809
14751 30567
27687 27983
12226 24842
16946 23344
27788 28359
26612 30081
14634 24697
16794 31088
31177 31555
10330 14422
16892 25973
16892 25927
2142 28170
29082 30516
15736 25052
17828 26411
18917 32715
1830 2243
14259 14474
20046 24762
2829 23152
16425 23382
3607 21429
22957 30863
5146 5186
27644 29180
30689 30944
11751 13842
22883 30050
1713 12665
24226 30479
30230 32038
31698 32617
15756 31773
1726 6514
11977 16664
6504 15796
17285 18520
2031 3509
25217 32562
28086 28576
30152 31551
5571 29577
13877 15288
16997 18169
20533 28878
6170 16345
17870 31774
12207 20928
12769 14369
5033 23980
20652 20660
11492 12024
29074 31315
25210 25969
13855 14552
28902 31564
16967 27916
15466 16503
16878 27940
8878 20021
26542 27003
4009 18747
18644 26264
22980 31240
15019 25412
10557 22484
5374 31512
28362 29855
32216 32339
11648 29574
8846 8926
7154 22895
511 26558
24733 28789
11291 21884
28036 31723
6818 8302
16151 16728
1838 29607
601 8445
25204 32722
26178 27227
20679 31106
7266 15143
20446 31325
19656 21823
27094 29847
290 6296
6522 7215
19238 24099
17347 32649
10800 19106
27291 29389
29740 31225
31974 32242
17846 18797
26563 27105
15744 20400
19727 25485
1780 21244
812 3198
30747 32484
16896 29187
18110 28937
8512 27159
6347 28604
19438 22112
29689 31272
3360 21739
20655 27696
6660 11590
21539 32509
15649 22037
30143 31716
18143 27218
5064 9590
26442 28650
15169 24548
21779 30198
9997 14739
26071 28963
14933 25038
31652 32129
31273 31525
27578 28572
19050 30919
17038 29109
29159 30548
2325 14296
10694 13446
28478 32418
15398 24722
32705 32719
30210 30665
16663 26646
28760 31906
26569 29316
29835 31110
32238 32622
7 11390
9199 14805
11043 16778
20110 22313
30539 31240
9767 12768
18526 24806
27445 27966
3413 4261
1047 1115
23590 27620
6165 6270
1255 14255
23454 24958
24631 30388
29139 32396
23770 32037
1866 5678
4259 6990
2571 31108
20631 24965
8927 11483
5199 14804
21451 22161
10398 13323
24535 27290
30068 31904
24595 24970
23298 27528
10716 31119
27167 27732
27228 31161
31723 32066
6992 27261
27826 30969
13582 25796
32275 32510
16838 23226
9313 12737
13832 30419
17225 17389
12934 23261
7605 15102
4892 5315
31985 32596
28429 30212
21260 23639
28304 31366
23682 29428
6539 16293
1303 1890
926 1512
5126 8230
31075 31909
25435 30360
4852 19150
9886 19901
20398 21953
1201 2854
7989 16308
2299 26273
31672 32693
12231 16039
31095 32556
4582 28063
28546 30821
29596 32459
7619 8611
15034 16220
29758 31099
4103 4222
24472 24732
12260 14055
16086 25670
11824 13274
26216 27333
12650 14669
21606 24880
26901 28123
31257 32397
17249 19333
16061 22294
9735 10307
8069 11042
11893 26163
4320 6156
15659 29662
1275 1578
20581 24044
15239 23123
29178 32461
16060 24972
15492 23010
12702 24255
15297 17973
21375 23301
11321 15173
23749 28038
24097 26704
6381 7831
16256 28711
25040 32186
20880 25479
24613 25077
3431 29971
13640 25382
31702 32401
29242 31510
1170 13262
9 28824
14481 17762
23728 26937
7095 8095
21281 26474
12722 28847
3586 5105
21027 24433
11670 17208
2046 3993
16927 29323
51 19700
20385 27444
19342 23071
16104 26975
30683 31355
24524 27649
17487 32329
24756 27010
29987 32672
24409 27082
2690 3536
30413 31651
24229 29272
28347 30787
28477 28735
28656 30994
22033 24611
25114 28650
13544 15141
22224 25061
6313 31089
9683 26873
6081 11783
7828 15021
12229 29981
29430 29882
9816 25635
16212 23574
29008 31219
21446 30784
27156 28216
8864 15218
20552 27212
30780 31177
24493 27037
24570 29537
32066 32365
23172 26002
16304 24760
18775 26727
22244 23168
13183 19876
5886 28697
18337 22208
10858 27859
16191 29228
12108 24942
1848 26135
17442 17731
20878 25193
18341 19178
29804 31686
20463 26068
14952 29618
7395 30720
2053 32319
2506 18308
31356 31968
16954 18556
25532 27339
15932 16856
18351 32521
18861 22936
16063 19901
6885 32241
24985 29421
15511 28183
8752 16946
20216 24836
13829 21114
25636 30389
30119 30129
31677 32694
21877 28091
25045 30862
23467 25689
29966 32264
14237 25160
6143 10729
24125 26451
20954 26048
20451 31773
25164 29231
27470 29127
19621 21530
29158 30855
7737 15990
8515 17898
29702 31708
1523 26544
919 23081
27512 29689
11048 22107
3473 28430
19722 25082
28347 31607
31305 32254
30710 30896
12429 22564
17868 21663
12094 24498
18064 24816
10219 25218
3556 5023
19949 25928
381 11256
2375 30984
17195 19596
20689 26151
31763 32553
28566 28794
27967 30297
14714 17330
26970 30694
29472 30004
7092 19399
28938 30798
16525 32576
12802 15620
12943 25212
30905 32049
29084 30851
10415 25530
1738 11141
27218 31949
27052 28528
23146 25062
19156 25222
18612 20063
26517 31181
18893 23010
19214 24378
8274 22745
8291 9460
16710 25710
31310 31859
30644 30805
13271 23999
27541 32282
20063 24352
4083 24179
28899 29006
15439 27659
27775 30339
30017 31709
27185 29762
10334 16307
9696 17656
24414 25671
23197 32136
11903 18221
17448 19461
25124 31917
22966 24779
12226 22071
9713 11264
28156 31002
24641 28837
6157 6496
11082 24322
8295 24065
7350 13179
22169 31697
29236 30111
25718 30946
6080 26767
9844 11187
25382 30716
25426 30930
10433 24418
9982 17980
3465 12822
17589 30849
14925 24182
17516 19635
21564 22124
16239 22714
24234 26136
28744 32436
27153 28447
31202 32580
13398 15536
10734 12399
7758 22608
14982 16848
6785 8576
22288 31913
31022 31354
26726 27109
13711 23950
27700 28190
10333 20418
23457 25919
17303 24530
25905 30246
15232 24328
32233 32387
16615 24357
3509 19409
12458 25100
15112 29198
23677 29088
6594 9686
20712 24993
16726 20807
15503 22281
3628 18196
23734 24190
4676 10160
4868 7868
31005 31323
2183 2491
25301 29153
505 9155
31377 31928
18754 23029
19487 24206
20541 20829
7386 25766
28863 30550
19406 30728
28118 29884
32029 32482
6734 9530
5282 7662
18554 31374
17363 23276
26417 32096
12012 19110
28694 31894
27978 31585
2844 15825
26900 27430
2890 28739
25121 32344
10428 19777
6166 6167
7147 9847
24527 28286
32302 32345
10241 23912
4992 28799
12573 12664
24963 31034
31863 31868
14277 28548
13991 28223
3394 23481
8495 12382
22315 27241
16223 26461
15590 21880
19062 32457
19798 27128
12554 23689
6492 22808
9642 21391
22430 22911
193 28689
30087 30371
31165 31935
14735 23423
31601 32441
23228 29756
6072 26213
12648 16392
24156 27684
25926 27156
6966 9267
15520 27867
16278 22275
28898 30253
31461 31532
11356 21243
18056 27020
5444 9146
26888 28045
2554 14195
13424 27085
29328 29706
1015 27712
19338 27396
15583 28189
19938 25928
22173 30604
22608 24728
11834 18149
32200 32626
10489 20896
23875 24685
27194 31975
9922 16608
8350 9174
29072 30133
11884 13011
18376 31924
12596 19296
2840 6809
11442 12986
5828 22210
23796 28549
17134 32663
29631 32431
11540 11686
17712 27756
27098 31793
10143 27447
1034 30546
2760 31370
27865 27907
2605 4725
16748 26810
32438 32539
2458 27953
21403 27872
21492 29929
8835 32208
21250 23677
23278 28051
24528 29699
30928 31171
1449 14041
3710 10648
31523 32681
9678 17095
11356 30870
15482 19146
14978 27044
24518 29483
5273 7185
11107 16668
3448 13219
12178 30619
4885 12385
653 14295
27395 27677
290 23736
6201 23862
673 31924
19989 20164
1016 30716
5281 6617
3613 15287
532 2449
23468 25221
11676 17448
466 10172
16218 31327
8297 11543
16814 22889
23908 32248
6070 24481
12142 21785
15633 16756
15310 20713
13033 19404
19342 28057
15920 26054
7132 19369
23337 28069
3504 5914
2603 6758
30895 31440
22946 32289
9552 23987
20822 31224
12861 30551
8944 14529
26876 29809
17338 28874
17870 31451
21414 21548
14039 20239
30098 31822
22144 26195
31946 31986
9498 15439
5070 27579
1476 23449
16470 31532
654 8414
26772 31700
7134 10852
15801 29699
10003 29056
12218 28714
105 3782
20052 25844
5148 8141
15182 27859
721 6753
4606 8315
25905 26926
26638 28022
29399 32010
19328 31526
4204 26122
25072 30191
2320 3778
3353 26455
30460 30826
14491 32484
8038 10418
13564 18186
17829 18127
17388 19201
14742 24069
14797 26464
9534 29046
22642 23698
23985 25727
18215 23332
15154 29863
19442 20843
15515 30539
10777 10982
31232 32377
18916 27667
10895 31355
3492 3676
16826 21730
30708 31618
26521 26970
1855 21121
20617 32546
27267 27540
14362 17193
29524 32551
808 27684
26915 29020
19783 22021
8640 17906
25957 28895
798 15000
32170 32230
21079 26333
4771 30746
29679 30838
19872 32276
349 3963
26202 30762
22471 31371
18393 21986
1038 26073
31893 32479
12298 15278
9692 27692
29975 32474
627 22817
14288 16752
18560 19675
28954 30448
22183 24353
2149 16872
116 28508
9006 12700
31225 31987
3528 19861
9912 10444
8541 9983
20419 27463
19248 25058
1313 23602
6436 25618
11892 25817
28546 30135
3801 25672
19447 29477
16400 16657
14812 15045
26845 27835
23482 27843
12973 15176
11790 16214
17021 17926
26441 28114
14584 25430
6427 10533
32223 32389
30449 31069
23214 28922
26045 30160
10365 13729
14581 30413
5412 13745
16606 30413
17314 24675
3594 28990
19392 25295
3615 6304
23793 26304
26075 31035
2173 24476
11349 28254
30430 31126
27526 32725
3178 29212
2567 3382
16691 30740
540 11106
12332 20906
2546 31218
8589 32124
4389 8508
5240 16726
14213 17968
3036 8299
8474 29265
8858 17163
19302 31018
10982 18393
18409 23376
23792 30344
12 26318
22724 32220
25973 26008
32623 32667
13729 26146
26468 27479
12307 23304
28702 29404
26568 27017
14598 31961
4367 13102
32662 32690
28884 29817
10431 22456
20772 28201
31112 31500
7918 29474
17145 27941
5383 20246
1335 25957
6257 29004
19952 20967
10717 12277
22009 32221
4206 12632
8758 17103
8640 27598
11195 21942
19241 28293
21296 26870
16447 23653
9082 22055
29338 31023
10136 25198
14043 19988
22474 27654
15084 25968
25081 26269
12682 27280
20819 28701
22273 29326
22838 24849
13111 31780
18255 23433
15596 24673
24835 30298
16960 22166
12301 17464
14966 24780
617 7594
25847 26607
8561 14272
22938 27595
1095 21322
28194 30557
370 10051
5385 6685
17356 19195
6524 23585
1691 31274
23718 31650
23806 30634
30769 31860
2187 9655
27146 28725
9014 23602
11621 16903
8308 27651
25858 28318
27041 27913
31406 32078
6559 31489
22540 23884
7105 19173
7317 14439
12775 27515
29918 31630
9706 14896
30489 31808
10810 19052
10463 15795
11717 30323
4653 22238
10011 11130
428 26251
6864 16215
26165 27886
24866 28121
24980 27934
28380 29083
30860 31806
9595 20348
1052 25480
28302 29355
18433 22132
9827 12472
21116 21615
6623 7391
2389 4144
7086 21473
2080 19630
29853 32296
13247 14968
13123 21774
10024 18300
7911 10465
23913 29013
20894 26013
15593 18332
15796 27505
26608 29261
8781 11546
30313 32718
13132 22502
31975 32401
30836 32498
1255 4974
10189 17260
23125 25198
32586 32627
21073 21745
25000 30623
28466 32235
15001 17743
1483 26818
28194 32374
18414 24304
22338 29040
22575 30040
6612 8684
19178 20005
19382 27384
14472 22968
14635 24575
17661 28354
18558 20323
16533 21457
16617 18721
17905 23692
30900 31143
31052 32084
11937 23608
19716 19733
4744 30422
28501 28531
16703 25987
17767 19459
14268 31133
6027 22142
382 15167
21185 25522
9769 28458
895 4380
6768 17673
28077 31362
14391 30499
26100 29236
505 21399
20536 25614
13672 23703
26467 29788
29012 29293
12901 14628
29390 31452
19065 22704
11661 19774
22185 23798
17297 31730
24724 29036
8197 10563
26223 28810
14698 27058
20042 24587
16114 19894
7828 16273
13610 15885
8162 31448
17884 20162
19436 31738
18228 24788
11736 18235
15905 29208
6076 8198
24574 26125
20830 24149
22386 26821
9278 14273
20629 20784
26838 31703
4180 26180
31008 31900
6934 10596
11353 21153
11936 27491
16389 21268
4917 19909
21043 29544
2050 10566
20738 21777
20154 21867
868 6695
6782 20591
3874 29117
26111 27118
8224 10680
29926 32217
5347 7395
1140 28257
21584 29734
28517 29251
12470 23022
18715 27327
31759 32039
13304 18340
12675 19103
30476 32731
22574 31052
5872 7068
803 21182
30193 31954
4785 9922
16241 21609
6885 10287
8843 14295
4943 9186
8182 10934
13321 17644
28460 30224
9206 11901
16075 22359
23624 25414
21563 24027
25925 27664
20113 28731
20554 23221
4275 20406
4880 26033
5821 30433
10286 17280
15012 28150
6367 14671
11290 31312
21510 24536
8113 19752
30319 31968
31042 31758
26712 26776
30096 30932
29744 29941
5929 7130
15006 23633
23181 25177
10181 22834
30098 32544
19911 24276
9735 13795
18567 29499
21400 30253
3764 20129
2289 21487
21507 27686
2087 15681
24763 27341
32339 32448
631 15346
6784 16365
31271 31683
3015 21537
2905 11320
10936 26318
4279 6625
20988 25266
14800 26904
10809 17900
22043 31152
27958 31393
20792 26591
25664 30147
17530 29855
9676 10152
16803 27772
22109 24366
15086 17338
28840 32682
11347 20005
22774 27192
27142 28762
16331 22286
14401 30210
6085 13851
4163 12171
8902 19606
13977 21645
23126 28292
1692 2485
14146 23989
5947 8676
7305 28441
7418 18151
27001 29568
11579 16872
30486 31274
18108 24805
1211 2149
17250 26812
22532 29347
5941 24972
5098 32086
171 10491
2864 14974
3625 18895
4607 8147
7367 11088
4813 19220
13396 22713
27267 30415
25754 30652
20446 26290
2018 12910
18965 22677
3771 16454
31421 31789
14584 26411
16106 19626
24568 30446
27544 32416
13866 23106
10569 16545
8143 30003
13039 29329
2306 2336
31755 31893
23798 28019
535 16082
640 12872
19746 32013
469 19855
25530 32366
14228 23638
13838 30944
14599 24220
17492 18776
19878 22669
1129 21583
8668 29494
19127 27135
5902 5947
14940 19646
21722 31947
137 9664
32668 32686
24359 26254
14391 31112
19137 21737
18706 29952
8094 12872
9312 20214
12845 13156
6053 9147
16039 27957
22645 28300
31727 32273
20095 32110
21949 32233
16075 26506
4603 8199
15424 18705
25967 31391
361 17695
15259 16210
6009 32023
13793 15373
28300 30796
9707 25675
19247 30996
1866 26365
11555 19942
15453 20210
4958 22838
4725 27168
16723 27631
20790 25028
26995 29038
22849 25337
24820 27782
5648 31625
16593 22667
18208 22229
6162 32108
25686 28125
4941 20045
8604 14640
15725 16249
21963 23111
15794 16677
18637 22580
14073 17243
11523 25533
11326 32670
18404 31147
3679 14061
3559 11321
22306 23182
13731 24663
21882 26371
1589 24279
3846 28047
25827 31557
23259 24107
26111 31316
6531 7512
25869 28345
11845 30254
26664 32470
7591 13798
21153 27561
30002 30446
10986 25046
24693 29152
30642 31763
3917 22991
30802 32193
20835 29651
15464 32204
2805 19026
24257 30864
26330 31308
26493 31588
27072 28491
6509 13256
19129 25964
11968 20992
13558 16272
18655 19915
22225 23642
6037 17221
25105 25639
31603 32569
24938 27515
10099 17954
1860 29522
1499 3579
22974 30952
25700 32099
24561 28052
11164 16059
13433 22911
9609 22022
8498 19005
6031 21900
10303 18208
13203 16197
7761 15264
9313 31121
14885 17134
14667 18017
15695 23432
29971 31666
6711 16859
1036 21501
15201 27456
23931 29069
20465 27914
5187 17481
16750 26832
6850 27783
14022 15895
32246 32605
18578 27369
23524 30918
19100 21296
6458 6769
20126 30292
6707 26637
17485 19122
699 28615
23190 32045
16852 18094
1576 16625
27704 28773
20786 27930
10815 14891
22638 22778
15620 29441
6494 31326
24259 26449
30166 31207
646 28785
4282 5526
14081 26067
26633 29182
12474 20530
20506 28771
16237 20506
13350 15055
12974 21364
16391 29895
29136 30940
22335 29101
19206 23597
32060 32469
15816 20245
4827 30818
17528 21758
3370 17015
24902 32221
2418 9778
29265 31577
25205 25694
4366 31128
10996 15297
238 4510
12660 32553
28987 29493
28994 31576
5699 7735
5301 28042
23993 27427
27827 31394
16984 21438
374 1467
713 13664
8336 16569
16327 21647
3117 22358
17793 18917
12185 30348
1088 17331
32002 32491
31817 32141
22654 24919
8453 29400
13392 23442
30559 31239
16999 27643
29550 31730
24359 27327
22868 26188
6508 20742
9574 12180
31692 32626
16269 19115
31517 31788
32235 32355
11831 15924
15042 25640
13051 15970
402 17798
25749 27811
6018 13618
18173 22871
25345 28388
19396 29822
30381 31362
21517 24421
17268 31967
5082 7192
13817 16437
14985 19605
17209 31820
1182 16397
10350 25009
6850 17081
25140 29260
25100 25857
7914 18451
8576 16489
12379 18686
8405 18963
16541 21048
9340 27313
20026 20658
27357 32507
13198 25098
3812 6841
15728 16123
29628 32675
5397 28805
7642 14249
304 10139
7486 20266
16990 31258
27893 30750
3778 18380
27619 29909
28908 32169
21183 31726
3584 25689
19295 30245
5908 14304
3382 6180
27097 30172
8987 12296
9342 26898
15947 24367
12497 21986
15026 15585
2728 22969
14438 25932
17791 18251
28277 28348
5474 24242
6880 11697
24334 30054
13287 25985
4947 5939
16007 32725
22972 30449
28226 31116
20082 31690
29214 29865
22366 22671
4848 27806
21646 30395
1754 3532
12250 24457
7699 29166
4039 25641
11494 28392
12715 22623
22270 29728
12050 24260
8160 26808
12897 18436
25785 29180
24249 28369
9050 16662
28446 31316
12929 18539
20697 25714
20314 24071
15642 20511
9285 17957
5602 20851
11482 26758
2592 3921
6954 28563
17691 30981
8776 13093
11535 14879
18953 29925
29979 32210
12295 18021
1626 18153
23020 30349
1105 17017
31981 32176
28809 30835
24212 25806
12668 13054
12995 28537
182 7952
6902 18474
1076 10339
10952 19922
5904 30935
5561 31234
1376 23889
27182 31850
16219 28530
32185 32725
18365 18640
28315 32414
24941 31436
24199 28994
16477 27965
19113 22138
16818 24336
9447 10676
28454 30358
4711 8305
20906 24987
29521 29695
22351 29826
6102 11977
20582 31522
18033 31969
18406 27885
30572 31565
15119 28469
27047 28744
29773 30514
29845 30596
3423 10573
15239 27337
23736 25874
9773 22257
21030 31779
16985 27000
1713 4398
29447 32340
966 30059
4251 32584
1429 19778
24169 26840
15543 23438
31098 32659
21268 23547
9357 16478
14340 15020
5469 8415
30644 31502
10018 18138
8652 24329
5722 11699
846 31253
10697 14323
14273 16829
27839 32364
21904 24637
24217 26493
14765 24969
15242 22889
13945 17543
17052 23062
10728 19157
7409 9847
16096 29130
19023 24070
24035 26258
14044 24110
4334 28725
24101 32230
24225 31305
8037 9105
24735 29773
9989 27181
6456 27132
4447 11741
19526 31318
10951 14343
24404 25233
28876 32009
1286 30545
14523 17390
14261 32232
8037 9175
18265 25601
9762 10570
32428 32624
8470 9965
9100 12260
23219 24215
22177 31046
4223 25848
5697 9371
11544 32170
26768 27777
25461 29196
28908 32484
3950 4927
29832 30320
32639 32640
4694 7654
3017 24802
12843 20368
7769 23932
28446 28656
4269 6866
305 20093
628 2986
27187 28026
3478 3561
27108 31762
31604 31649
32091 32416
24433 26931
28069 30591
15025 17738
12719 15959
3361 27224
10085 29719
30647 30750
26652 28518
21499 23290
15405 19355
25798 30106
29155 31569
1097 28559
7064 17807
29522 30166
31002 31217
11723 25967
4180 12564
26755 30031
14634 15809
7218 7661
8356 13858
16823 25843
1871 30768
9123 16389
16096 29838
26875 30726
11035 15559
15674 20750
18931 19732
14742 18618
1779 2637
29572 30659
24028 26609
21630 23989
4240 27797
7940 31385
29742 31054
17633 23509
6527 12865
29359 30446
21649 31786
29853 31596
26529 29946
22640 32173
21822 32561
28872 30466
7596 27607
7589 14187
27527 28710
32297 32350
29608 31006
28576 28684
3149 8611
32189 32672
16243 31752
10278 14506
23687 23977
8500 19743
19774 23104
27123 31772
12738 29045
28529 29598
2062 29795
3381 13914
25243 30954
6413 18227
29244 29384
23565 28187
26438 28716
7380 25286
28149 31244
7953 11011
18955 22253
15430 26685
21946 28388
31180 31392
26564 26967
16408 18813
25825 32590
5948 16223
97 13402
3248 31591
28690 29526
9811 24425
5988 6980
1709 20704
28107 28793
9847 21996
9317 13158
18269 20161
20189 21440
1026 6837
5007 30954
8517 15605
9965 18183
1219 17063
5665 11731
29852 31662
9460 21200
1147 1726
17134 23560
21456 31126
23486 27618
352 11022
1757 9487
30720 32483
23151 26482
30877 32046
25962 30154
1408 9412
5369 24062
4816 26143
2339 22536
8281 15178
7336 11592
8331 15404
9259 24199
20678 26631
10390 10500
26325 30770
8379 9005
14264 29449
28215 31369
15270 19766
8604 13538
4946 14349
18895 30868
29294 31794
21166 24681
4973 8163
14070 20938
6286 6736
2404 28509
32278 32669
6427 20971
476 13246
13638 18222
9227 17469
21502 26658
9508 17988
8302 26662
9538 16473
13365 31592
18594 26152
11 19559
1378 11381
10152 30920
32393 32670
21730 31727
4168 18779
17941 31017
29056 30319
7111 7788
3715 11881
10636 13543
287 18701
20008 23917
18905 21645
5876 24251
11894 29970
12931 31090
25024 27481
30340 31373
22662 31495
31978 32126
28645 32345
7243 25900
18630 29844
16262 24133
31912 32707
24745 29166
4000 25937
11026 24176
17309 21435
2260 19212
12529 29872
8028 15478
18445 24583
32596 32690
8332 27537
3015 12273
14708 17907
23686 28084
3768 27109
8139 15597
10241 14697
16157 24456
1197 11705
19315 20349
2328 11441
29852 32648
20763 23720
4062 17515
3027 20618
29150 30455
17572 24199
8127 28745
15741 24694
7054 23879
15965 23438
20446 22240
32278 32600
24239 27171
2129 29240
22421 30129
17618 23391
6422 16489
1021 31617
24915 31127
13465 17529
20971 28753
9941 32394
27420 30416
136 18572
16939 28810
18109 20483
30470 30495
8303 23429
11561 22066
13969 20845
3006 14033
21842 29657
2312 26197
12958 14674
1281 3286
32232 32544
30530 32037
7463 16266
13348 17942
15134 26540
3365 19899
2785 23728
20621 27682
25749 28526
27729 29162
8055 10036
14391 15008
19744 23148
11067 20223
14855 16728
49 174
22343 28992
3501 16194
29090 29827
21792 29154
22982 28496
3395 14894
25040 30953
11193 28916
21519 23615
12784 20086
18186 30397
16712 22479
29380 29527
14967 24432
27454 27609
27692 30413
25662 31109
5362 6378
25167 27714
15447 21811
32009 32559
10062 18952
5778 25334
27603 28609
11365 32622
26573 28467
9554 25541
7992 26325
16582 18587
17795 27215
2893 21939
30263 31371
31829 32628
24794 28264
8501 14299
27667 31284
31086 32147
5135 11193
26672 28865
2082 16785
24352 25175
19378 19783
9816 12856
24145 29618
26031 29007
12073 31189
21307 29482
24477 25403
11029 25009
6445 20322
21596 25648
31386 31553
22397 29697
24651 26031
2481 24419
3056 30607
4551 15396
28517 29318
10787 12721
7897 10021
17415 26997
11823 13352
28689 30990
32164 32577
12293 23757
14771 20280
5581 23859
4662 4784
21438 26346
27853 30467
8733 14782
5763 6977
7650 13709
14511 24118
1211 20161
5401 28494
29268 31624
19806 26185
726 12895
14742 18881
32430 32469
4659 28246
29583 30100
28972 31539
24250 28535
28252 32680
19581 19986
23333 26136
4345 6711
24920 31054
32297 32520
2393 7863
15136 20531
27518 27737
8338 10235
4281 10547
16022 22555
18039 19401
28586 31683
27079 28838
7416 19218
28095 31610
6104 14451
8475 27009
11413 24860
30504 32235
21108 27310
22497 29906
7410 29947
15191 28851
21070 23479
5206 31474
19271 24614
20037 24833
39 13229
25166 27261
26368 31245
18367 18698
1846 30891
17328 21185
26173 28132
23527 25602
12708 13249
28920 31828
19027 21711
17328 20328
5393 6682
27060 32321
13385 20771
30054 32630
3853 30406
21768 24999
18779 22685
11556 21046
4511 29708
12843 18976
26490 30338
17756 23564
16322 18217
22759 23250
10698 11729
24403 25112
23011 24100
18973 27986
15650 19009
23458 27650
31332 32582
20542 28910
1168 19655
8886 14270
8732 29831
28627 32131
3539 22647
15696 25816
5333 6117
10231 18870
21983 22504
15622 23758
1484 28249
727 11352
23900 26305
29888 32415
5173 27135
30265 32032
3367 18021
316 28641
6068 23563
5106 9675
27344 29292
8587 16542
15589 30927
2669 17623
7450 15069
24466 29676
29141 31072
29995 30784
16510 29122
2186 8877
8839 10752
32062 32444
2985 3385
30080 32525
17776 27162
18894 20854
17401 18339
9173 14751
14331 19199
16532 25587
516 19382
7615 31806
27397 29648
5729 31860
17937 23499
12998 15356
24418 30254
12184 29399
23709 25811
72 16875
29270 29607
20655 25676
4823 18308
18934 22005
31261 32451
7859 30302
15140 19624
8788 32354
12901 32486
28609 30224
412 12992
25405 29255
30926 32070
27533 28304
4235 28547
30301 32410
22897 27477
31711 32358
1265 30252
28085 28661
27478 27593
3345 19338
13058 22226
27675 31379
31995 32568
7827 12023
15015 23078
23991 30388
4308 23250
9063 14091
27643 31938
135 28303
10694 28474
12965 18682
31695 32716
15579 24787
26539 29391
2039 2790
2087 32502
19930 25011
29649 30511
21534 22565
27835 31568
14844 16617
15739 17192
23916 26057
26486 28293
7053 25073
1631 24317
28744 29284
3322 27539
14640 17513
16166 30053
8109 13282
3354 4599
28250 29641
13295 17631
21931 29507
18271 19185
25555 27389
2252 22381
13285 17126
12163 22711
6201 18764
1603 31082
17425 30667
505 13362
14460 23023
13774 27201
30843 30971
18531 31510
18531 28812
20059 22466
31874 32341
11803 19825
6917 17336
28877 32581
21785 30142
9387 22005
6993 31499
13434 18543
20808 23368
22612 24641
25735 29173
939 7516
19113 30845
29835 30283
10941 13029
18463 22486
13803 26368
14455 30968
29531 31979
26504 31437
850 13782
23413 23854
7582 9634
4109 28159
20277 21238
16788 23466
15129 20699
21702 25337
25214 29399
25 32068
14383 28368
6723 25701
814 13928
12796 19400
21658 24906
21253 31528
5334 17046
7273 32083
27624 32674
3075 9223
2335 20664
9024 18682
3577 17499
18726 26543
8259 29912
3477 9976
26498 30173
12749 22500
31122 31905
6705 8766
31373 31532
3403 5761
29679 31743
25615 28178
9975 22290
3940 15481
24144 29090
5856 10581
752 29421
29907 32693
30785 32723
29576 31999
894 7058
28615 32708
16992 22962
9374 19359
29947 30868
25698 26107
7906 18382
25328 25936
17298 29387
30008 30376
16910 21453
27133 32339
5062 7400
24534 29848
29373 30547
15481 18148
10987 31049
10552 20982
6881 27244
14540 26304
10155 21200
6738 22523
10234 24360
32147 32204
2691 12571
3208 21593
15266 24512
7710 10708
3651 6509
1590 2781
11266 24852
9968 29128
20625 25038
10025 23658
21594 22763
29250 32070
19046 20474
25891 32200
13694 13960
19584 27093
6288 30833
6235 28583
26196 27954
26827 28078
5166 21873
22523 31667
21591 22348
9589 28265
15160 26514
9889 17679
21526 32049
8328 11776
26868 26898
28382 31847
437 22659
7232 11939
24194 26081
20410 29946
29035 32059
13196 25327
6993 7342
14638 20485
12291 12616
24209 28468
1447 29955
22696 31591
4956 5532
18215 29696
25373 29899
21899 24631
23272 26980
27994 28381
8480 29680
23980 31306
8241 18537
7146 25616
28018 32414
470 21547
5967 19316
11467 14274
7847 19603
25158 26593
8051 14396
7590 24446
27817 28375
11056 23632
9056 12929
29782 29986
31028 32333
24889 32676
18924 25931
29548 30415
10330 11100
32251 32689
30339 31337
7852 14160
18688 20947
23684 29738
6564 7742
3981 14700
3423 27914
30167 31607
20834 31938
6589 28687
21380 30921
28009 29701
23013 27383
16283 24549
15825 20897
28069 30840
19943 21990
30395 31654
7034 7119
21609 32099
14135 18513
15461 25274
8456 29848
12167 19923
28473 31621
31254 32023
28890 30160
2373 12122
20324 27852
14845 22301
29599 32085
1245 4585
12738 29895
11136 14708
220 20570
19198 24603
16756 26085
30645 31369
22380 29962
17993 21453
6956 13953
26089 30607
26108 26295
12244 19621
15792 29259
20508 22429
25483 28712
27562 31604
19038 29688
26499 26921
14320 18628
13642 17636
5538 6059
18693 26712
13395 31107
7204 13436
1922 8541
25023 31057
7090 13631
20511 26705
19475 29407
9088 11508
31582 31939
15893 16451
21505 32603
2381 11635
21372 32636
31829 31867
9483 24531
27614 27710
3973 32704
1824 13352
31364 31925
9758 19453
20166 27784
19756 22518
13779 19947
2479 4592
31968 32028
3109 10856
7924 30174
9061 23791
14921 18162
32039 32495
29941 31843
20422 31848
5321 8471
20805 24257
20090 29758
8081 10086
4094 16072
32261 32332
19001 25347
3123 4997
32217 32616
23010 26741
3967 25713
31827 32267
10015 18839
2249 23864
7849 15122
6215 10403
17385 32250
14492 22585
29100 31984
28317 32721
17444 18099
11698 14152
27789 29565
26772 31093
26641 27428
8020 15303
7657 31363
3744 5204
10438 12994
25666 26500
20335 25237
7401 25053
28843 32674
28460 30795
26209 29248
26572 27426
9214 26091
6969 19693
5143 10425
4184 6196
31056 31433
18564 25756
22140 27842
2259 27801
8709 25132
18586 22644
18574 28124
26931 27906
17112 26390
6909 16254
17122 24585
5029 14754
15445 28589
31140 31441
19486 24130
10505 11567
17245 19225
13689 27985
22910 27786
19828 31747
18853 20161
25305 29185
24400 30149
15533 29660
13880 26174
22040 27950
12664 22245
11952 18136
28144 32294
28667 30924
13292 25485
3118 3791
11265 17107
14907 17069
23352 25298
29451 29552
10863 31931
21512 29363
31995 32193
2783 11493
6802 21929
11908 27002
28777 30205
10614 11120
28057 32430
6468 9178
32455 32634
18256 25739
27908 31596
7891 31974
9202 16039
17441 30657
9000 11222
12591 15699
7896 30723
31570 32607
5039 19150
9801 20564
20989 23978
10366 16789
17430 23291
1161 10656
29688 30650
7158 13826
5166 7562
8008 29441
4084 17850
16189 20818
26267 26546
852 13147
22063 30446
27021 27259
6488 30239
13168 21931
15486 31089
1104 29949
20016 27785
13521 17654
28359 31604
32680 32690
838 30026
27554 28122
3973 27903
5864 12364
31631 32124
18305 28216
18504 23231
25880 32340
30547 31098
16384 17776
10802 16913
18805 27798
15535 20458
8485 28562
24187 27514
7151 9715
28694 30381
10218 31622
9966 10196
12713 22402
15563 17071
28349 32584
11882 32137
12668 20155
19816 26878
10753 11700
10595 15097
14452 27279
5211 6911
13452 18150
18014 18327
20049 26377
25700 25936
27687 29497
28280 32066
10760 23846
22808 32043
24081 29330
21983 26457
17984 24595
3937 18798
17276 20383
23639 30858
17877 18575
11772 12403
19982 23017
15798 32062
10328 28183
15865 23078
17505 19045
4712 28145
20109 22919
21310 23358
28291 31747
8173 11061
20204 24695
1285 4552
21111 29358
31062 31961
6689 14862
13913 19107
16563 16954
28620 30853
28556 32367
11933 11997
12448 24102
21257 24601
8641 13772
517 10689
27934 28846
477 652
11017 32570
18971 29880
4349 25481
19114 23694
4575 30687
11835 20500
21380 22565
7144 15180
7540 14811
15383 27562
9453 25617
1186 13200
23083 32560
4149 4360
6887 31857
1271 7891
28190 28233
20076 21498
11539 20404
11930 20013
15767 30899
27242 28510
16776 19089
5458 24209
24472 28783
16433 18826
2383 8977
3962 14280
25172 29121
31893 32568
11496 15236
18050 27508
24499 29555
21952 31892
18627 21609
5997 29711
25042 31814
5038 5663
14791 22983
17233 21482
6016 20667
26801 28380
14799 15623
28634 29734
22722 32591
6638 10656
19496 28066
30664 31599
31568 32447
30686 31506
31252 31579
2924 5849
30486 32397
9935 28032
24394 24502
8494 17608
23221 24624
14176 17434
1652 2727
13834 18488
4095 18562
3848 18556
5551 10670
24079 30748
28798 30048
8336 24979
19215 22999
9439 18172
10734 11139
29844 30916
18712 20047
15922 28910
29374 31289
518 29263
13126 15859
1618 11089
3731 24648
22187 24659
6790 11181
21152 22691
8900 12657
3996 12955
14778 16963
4622 22759
23263 25885
8646 24624
569 12160
15778 30417
23843 30026
29291 29766
30797 32318
6394 27883
3844 29073
16287 28464
24500 28264
17091 25173
10667 14881
22731 32413
14367 19166
5440 22282
7795 17602
10029 27795
2486 9532
22217 28848
19309 32212
1622 28271
402 13347
14921 20190
32732 32734
27819 29667
24129 31066
12223 16436
20666 30875
25573 31248
11334 12598
1214 4054
15665 20818
20881 27040
21142 26992
21742 30011
8995 26821
3985 23867
28444 30414
19080 19463
930 9325
21657 27166
822 7075
11998 13391
6009 6975
27826 31479
28725 29588
19153 20155
13217 31677
16826 19355
17377 19982
5976 28719
32205 32730
13282 18717
21747 23101
15872 27417
28895 30177
16943 32402
12186 15979
26982 30783
12656 19852
762 8419
20982 24285
26047 26823
12876 13666
27760 30932
14496 15622
4432 27735
10483 12699
27922 30534
15136 17878
7414 24851
21018 27347
21558 21875
14453 27150
7328 20988
1576 3993
2692 27950
5009 17933
26576 31839
7609 15847
6778 9688
32730 32730
18974 28755
9758 12642
2281 27085
7594 20613
949 19134
26075 28018
32117 32715
26319 28797
6612 19597
12584 19030
15129 29150
27404 30574
30542 32064
3696 7045
26785 29861
23703 28649
23818 25600
10965 22352
10542 26498
27801 28767
8836 26506
7851 9308
1206 10917
30641 30826
17994 21466
504 32433
8321 9815
625 14549
20095 29695
20730 29657
18349 32503
1503 21348
31068 31588
8353 28758
17323 28682
3062 13751
15786 20198
8976 31664
1215 13539
7202 29040
6985 12477
