633 3666 219
23 542
424 562
175 254
292 319
174 187
161 406
110 353
388 421
419 612
168 327
112 274
215 366
54 60
490 511
29 43
445 446
242 612
337 494
116 620
264 478
142 319
156 371
444 494
307 620
386 555
501 618
424 556
369 583
582 600
314 482
78 209
216 510
184 286
184 259
351 369
615 618
619 621
65 192
352 594
605 607
231 344
13 437
313 466
389 597
616 617
581 585
396 508
279 563
599 623
572 579
447 468
276 285
486 617
159 228
142 165
395 617
242 296
12 27
10 529
463 480
104 432
397 419
318 517
297 348
574 578
10 363
32 112
396 541
463 538
466 557
33 319
523 546
544 548
596 626
289 606
166 482
245 306
564 586
610 617
397 545
595 632
372 399
205 523
541 557
624 631
623 629
261 337
252 298
569 607
205 253
487 500
321 558
430 498
189 479
345 618
244 303
310 549
464 505
332 578
404 540
16 84
26 187
2 88
90 559
328 546
541 562
481 545
463 469
181 579
35 103
216 519
262 377
427 630
411 562
467 500
481 556
347 581
511 533
52 258
567 570
112 303
341 442
505 605
150 318
380 521
326 567
490 593
265 446
38 320
284 312
51 520
25 474
296 343
17 74
107 482
295 626
489 580
1 258
325 379
185 271
477 607
75 313
478 604
45 589
223 352
358 477
630 630
607 612
339 428
382 470
551 572
249 368
560 570
347 437
247 283
421 542
455 505
438 488
37 389
346 418
145 286
516 609
452 546
27 509
496 581
32 278
78 382
454 498
632 632
322 455
261 420
59 122
621 626
577 603
159 161
476 547
327 477
401 546
18 171
342 496
538 598
614 623
227 617
621 621
511 591
414 556
116 216
73 90
254 454
381 460
584 606
210 314
157 205
531 553
186 188
134 490
220 340
221 316
60 632
439 608
97 388
52 177
360 547
446 489
31 258
428 511
480 630
609 630
233 415
211 536
414 469
344 545
509 587
205 538
263 441
253 602
537 616
24 265
143 240
211 367
277 435
420 521
150 251
477 556
164 447
256 415
515 575
629 632
413 575
368 369
121 165
49 344
53 409
538 579
575 613
323 620
435 536
153 269
397 416
540 623
138 509
607 627
22 238
521 572
191 575
461 573
543 588
321 605
501 502
148 391
248 531
113 134
273 627
407 517
331 614
236 627
475 502
329 421
91 514
604 624
193 487
139 162
257 300
276 423
326 375
182 379
345 468
346 408
131 556
348 606
348 610
440 458
169 521
143 426
478 607
559 576
416 595
231 493
541 595
366 603
341 356
270 281
463 538
58 316
444 463
609 631
414 469
106 323
545 620
530 545
28 579
193 419
19 388
393 597
50 430
581 584
184 517
623 625
109 411
313 391
510 549
462 553
217 585
406 539
40 163
609 609
621 631
559 564
489 588
189 191
435 570
593 606
555 570
241 445
558 566
444 466
540 621
394 414
95 376
296 435
200 570
229 264
57 193
50 244
277 488
206 398
426 457
56 347
236 612
117 624
571 578
396 588
206 429
311 347
444 537
610 622
22 121
558 601
628 631
353 624
460 560
303 416
333 565
57 508
298 555
31 235
230 557
137 420
575 618
27 453
411 509
453 471
496 502
622 631
359 490
308 608
496 581
584 630
39 314
399 563
382 466
8 70
270 448
542 582
611 628
567 578
130 486
30 96
20 627
176 194
14 62
337 473
268 426
276 343
415 522
568 617
69 108
611 616
366 535
462 620
487 576
480 579
89 363
6 497
142 593
296 632
371 462
60 603
576 595
265 406
299 453
218 489
301 441
261 451
59 95
140 299
508 558
119 538
497 548
103 515
454 498
401 427
371 385
197 263
260 579
75 174
4 27
546 605
586 612
492 521
514 603
623 630
289 527
416 599
167 618
355 573
344 452
448 605
234 247
221 543
195 463
593 598
7 224
91 597
42 133
24 293
230 402
405 593
506 589
608 614
14 525
293 321
258 285
154 474
242 269
31 529
78 553
375 600
63 262
536 593
448 460
351 359
444 617
195 198
217 554
173 413
193 293
588 591
292 392
596 607
354 373
515 517
371 473
307 420
89 365
378 538
214 285
529 571
514 621
240 464
23 513
100 543
239 325
139 392
188 594
372 564
292 481
307 338
216 448
508 595
64 486
521 627
76 603
451 628
486 564
132 522
134 539
164 329
382 622
545 595
561 578
371 496
90 375
108 164
150 458
412 462
614 625
245 430
420 604
103 274
424 514
78 115
596 632
89 298
569 600
370 388
593 627
460 488
476 480
154 348
317 601
328 424
39 571
264 415
454 488
497 512
113 153
156 536
129 617
581 617
135 163
96 302
194 543
411 575
145 612
325 447
64 280
619 624
309 383
344 371
152 355
17 235
325 503
574 594
565 578
541 545
32 232
39 140
183 496
386 505
46 158
376 484
95 467
138 245
95 169
232 536
549 561
605 630
287 602
105 179
362 446
233 619
301 478
345 358
60 445
159 268
364 365
333 547
128 382
518 520
174 326
476 592
577 622
162 202
509 583
74 233
350 393
269 350
408 551
361 521
572 576
41 163
373 442
249 362
458 607
128 603
410 626
189 445
78 516
481 569
145 538
521 586
625 629
577 586
279 387
383 542
173 381
588 626
183 309
4 341
391 553
262 517
54 330
365 478
106 242
542 577
561 587
202 321
487 569
19 387
238 526
538 599
132 139
510 627
72 509
430 445
149 506
559 619
459 488
119 363
96 373
388 514
501 606
421 542
593 616
275 392
139 492
490 594
433 482
510 516
227 246
589 595
382 533
563 585
317 385
591 599
56 239
266 358
141 206
421 442
466 541
504 537
40 84
518 528
34 381
565 574
368 624
196 196
414 620
60 482
422 435
563 627
614 630
516 557
345 544
201 331
205 614
299 316
208 624
580 623
220 420
411 417
270 310
211 382
1 116
158 512
322 382
395 527
253 605
120 294
247 628
268 349
189 485
424 625
589 598
472 587
213 611
174 513
510 533
499 575
145 288
160 434
403 446
430 601
307 627
497 505
153 402
477 618
107 532
282 608
406 608
302 330
255 312
370 598
453 596
270 371
44 442
391 474
288 521
208 454
598 613
480 493
390 435
29 464
413 497
154 549
166 281
497 601
88 338
494 618
603 608
319 620
587 620
117 521
436 623
558 625
302 340
371 593
518 579
192 507
386 437
225 466
431 564
347 510
364 625
94 422
64 353
490 616
411 522
297 340
61 488
388 507
286 518
232 583
303 450
21 540
555 611
144 466
181 231
428 466
415 499
226 432
45 200
609 631
335 493
48 571
141 366
487 585
243 562
67 310
16 525
448 628
423 494
393 500
201 284
366 582
485 558
291 468
361 545
522 579
633 633
188 232
407 521
439 568
267 351
395 585
349 606
181 379
3 160
247 506
380 411
78 115
405 426
562 589
30 391
440 541
109 131
282 596
533 554
95 402
394 558
630 631
467 556
506 526
306 537
543 558
4 94
7 107
486 627
490 632
192 631
604 608
380 511
22 102
275 450
280 338
427 574
482 582
1 60
496 503
462 598
168 255
63 160
586 625
195 246
430 469
238 611
78 371
362 396
500 587
90 139
245 608
343 511
383 523
125 306
163 357
53 521
425 495
33 127
127 575
57 85
321 345
293 323
392 507
262 300
550 620
229 264
229 562
623 631
413 432
360 424
21 556
95 383
66 323
268 469
499 604
173 534
383 575
388 495
262 315
8 239
405 455
364 618
566 613
17 22
296 461
169 372
491 522
506 596
170 343
579 591
461 524
324 356
33 259
200 554
548 617
286 480
130 459
299 412
342 464
605 616
74 397
523 569
151 221
588 597
88 441
576 628
393 574
459 599
235 459
580 625
563 626
281 515
71 208
524 561
446 556
57 192
70 72
588 616
18 278
444 616
374 413
403 453
283 354
251 396
331 632
275 508
160 477
85 147
67 261
545 568
561 570
342 473
248 345
591 631
346 353
48 215
8 116
343 516
137 352
466 584
318 628
507 561
328 391
632 632
427 465
447 510
274 401
583 624
261 320
517 550
512 560
471 573
143 186
240 312
205 527
480 573
433 515
508 526
398 428
152 404
471 618
365 632
159 376
68 87
39 294
441 462
585 590
458 548
163 482
414 609
308 336
463 569
447 466
419 462
541 632
249 483
282 469
570 612
215 465
486 538
423 497
91 155
352 493
633 633
392 446
36 58
419 456
376 480
365 521
135 397
138 277
26 51
380 436
208 389
138 614
22 107
106 551
274 312
594 609
196 546
488 526
481 524
613 629
118 481
301 609
451 483
616 618
574 599
503 577
622 629
565 573
389 448
559 628
624 626
40 572
360 614
130 549
537 632
34 283
268 480
373 518
587 627
97 137
545 608
44 529
381 536
122 452
615 617
462 576
130 473
509 517
232 595
215 532
560 606
157 493
210 332
132 155
406 624
160 513
322 609
381 417
574 588
198 322
149 208
66 232
288 351
149 487
526 623
24 326
473 587
242 267
573 625
234 251
164 418
546 624
269 305
596 625
148 375
8 199
359 573
536 585
451 477
289 323
327 579
384 565
148 149
385 448
258 470
308 400
361 576
81 567
476 513
241 565
194 334
532 629
208 313
152 398
513 521
568 568
202 494
15 92
480 557
403 516
528 529
112 123
136 188
626 629
190 442
521 573
293 610
572 612
243 414
6 586
610 624
6 211
504 624
116 307
33 310
470 558
433 594
617 617
136 358
113 496
429 536
578 588
567 588
553 632
63 568
311 379
150 325
510 604
491 561
264 401
484 499
141 408
119 598
242 388
283 614
330 443
590 596
278 327
114 496
618 629
216 240
335 490
347 486
248 290
372 466
464 534
105 174
296 515
199 281
329 617
403 430
213 221
89 316
401 479
616 624
147 200
111 584
70 318
464 488
567 590
187 230
223 556
530 574
566 630
188 336
302 319
271 594
360 601
75 385
253 571
542 618
140 550
150 493
422 612
450 551
302 537
292 482
402 414
181 404
303 440
213 293
14 289
348 449
413 528
114 222
56 189
457 553
200 217
40 556
486 617
11 141
96 469
540 630
392 395
546 581
331 506
234 631
379 611
219 397
560 626
532 590
608 608
391 407
136 548
477 530
463 604
27 284
610 613
507 520
349 620
489 511
225 294
234 483
207 443
10 234
36 274
559 565
600 601
130 412
259 483
539 552
156 585
57 439
472 535
195 227
372 575
384 395
399 416
467 571
150 438
425 544
367 373
229 459
125 162
149 354
601 626
438 478
137 533
349 386
271 304
259 420
207 530
362 490
503 588
433 437
63 377
472 586
379 525
184 493
481 571
383 629
283 471
32 155
284 374
423 561
124 580
67 446
28 334
459 483
542 565
388 460
188 271
522 632
407 477
271 306
233 280
42 147
339 521
464 612
126 396
41 604
210 603
275 597
585 611
174 395
387 395
126 272
266 570
363 409
618 628
15 175
607 621
625 627
598 611
327 507
102 527
476 569
573 607
550 604
228 592
328 495
119 338
203 270
466 512
28 521
453 570
45 234
537 613
223 480
273 563
428 440
109 213
521 566
497 592
431 494
268 318
82 231
317 331
266 308
457 586
427 547
151 225
521 526
206 345
336 397
531 569
627 630
179 572
331 372
102 519
365 383
205 441
552 617
19 178
533 620
144 465
475 550
12 183
319 423
376 413
621 624
324 592
129 367
136 608
602 625
307 428
189 232
11 133
122 479
27 458
464 580
201 397
410 558
350 412
532 605
187 519
340 485
410 586
209 423
381 467
33 345
527 569
351 587
45 192
204 548
87 497
615 627
312 535
264 316
272 599
185 590
622 622
270 482
150 628
74 308
33 321
100 604
490 567
204 268
499 576
113 380
592 599
595 622
256 372
276 522
316 564
518 544
264 341
455 605
43 467
176 438
497 548
139 369
615 615
346 512
542 600
331 505
95 135
287 509
573 611
293 305
593 596
73 356
320 447
218 285
306 402
209 614
334 613
361 565
72 611
277 279
590 606
133 523
478 492
419 565
336 485
68 411
302 533
240 284
227 473
386 497
393 494
289 368
540 553
545 605
136 354
260 617
370 507
153 570
34 174
391 607
309 614
80 558
263 518
192 628
1 356
280 447
597 609
259 402
382 443
567 573
52 79
92 149
36 179
150 606
424 500
108 281
419 537
234 291
529 625
353 477
422 624
99 464
299 507
384 405
298 504
544 631
53 117
522 533
173 325
568 569
163 213
89 360
535 585
40 126
540 608
193 436
463 494
239 549
311 550
171 261
562 614
164 484
90 234
82 527
377 514
52 357
16 53
391 573
365 512
35 201
131 156
283 544
7 131
415 442
574 596
371 580
270 449
326 470
471 524
599 603
188 322
165 484
324 528
561 576
1 351
27 519
565 599
580 613
339 465
246 472
76 502
303 486
216 348
86 474
255 295
269 535
396 599
627 632
326 334
173 291
154 445
216 581
594 595
52 272
447 575
523 628
544 630
235 593
541 547
7 290
604 615
287 353
131 429
622 624
437 484
42 105
357 472
118 308
627 629
222 575
573 595
528 615
258 339
603 607
363 379
413 571
502 513
117 152
70 503
501 537
457 593
184 554
130 272
376 574
124 551
205 236
266 441
124 605
536 556
222 466
195 337
411 546
556 586
616 624
386 530
379 405
52 106
152 419
349 425
316 339
498 532
257 604
137 374
306 320
366 445
310 350
346 397
474 600
121 499
280 491
80 294
608 617
512 586
596 607
271 441
141 189
18 366
278 373
591 626
601 606
508 513
168 200
435 536
50 384
24 480
452 508
183 465
482 503
16 306
246 460
363 499
255 403
173 448
188 544
121 505
441 542
321 364
342 380
64 591
202 591
331 453
558 617
404 475
207 450
562 596
535 613
440 456
523 618
86 278
519 561
284 302
580 584
7 371
132 460
491 524
380 454
45 48
339 467
244 567
4 357
364 603
46 449
560 586
84 598
352 473
370 603
427 481
451 632
267 391
85 353
127 627
531 556
86 353
3 253
606 623
379 449
78 286
509 550
128 311
221 372
506 625
277 370
473 584
176 538
405 553
433 632
156 532
400 578
166 357
411 442
582 611
140 356
380 601
171 423
395 630
219 243
248 424
603 632
437 544
266 398
419 541
606 615
288 443
568 604
162 309
167 364
29 253
88 232
546 551
130 377
20 525
393 618
454 519
283 543
315 537
359 614
617 625
350 442
220 506
298 325
10 329
577 601
16 94
595 601
59 469
197 622
179 448
178 444
414 600
463 570
49 605
187 266
289 605
511 544
372 602
320 571
293 598
586 619
623 629
564 619
22 470
203 293
387 532
520 593
595 617
224 532
8 53
168 345
600 621
499 629
327 332
340 597
537 565
43 385
460 473
368 579
289 476
256 400
146 602
373 415
360 444
379 516
357 553
628 629
93 235
380 524
430 490
309 561
136 369
90 193
612 613
137 408
139 382
339 369
312 574
199 631
251 491
495 500
124 603
87 489
49 342
347 565
340 542
83 527
105 263
430 462
101 472
95 159
283 298
558 563
460 508
28 555
490 496
562 609
331 498
623 632
312 328
424 627
288 353
56 216
59 103
600 611
383 535
521 580
221 426
76 347
404 591
324 554
573 623
297 408
229 583
568 632
337 420
25 572
345 388
570 598
308 316
307 373
218 549
39 108
443 457
119 256
575 600
337 562
165 369
28 408
282 565
250 319
528 549
589 603
332 381
271 296
206 371
18 578
356 474
195 266
337 589
629 629
378 527
491 491
400 607
213 401
113 531
386 515
229 532
76 629
58 196
579 618
135 436
220 496
265 478
541 628
131 524
263 517
317 475
185 571
234 306
548 554
111 211
631 632
401 474
263 588
53 629
139 551
160 492
263 621
286 316
241 484
108 498
567 626
357 447
329 580
246 448
226 472
607 614
586 624
612 631
40 263
199 499
373 535
549 591
301 566
108 552
263 328
235 286
345 490
258 621
472 581
396 551
507 576
612 621
242 490
484 630
363 364
469 605
371 458
511 523
316 374
295 512
403 582
386 398
471 609
542 569
68 388
70 548
583 610
532 617
279 404
104 507
123 426
483 565
290 474
390 450
461 609
129 601
27 428
452 477
87 367
75 244
81 149
85 94
113 419
421 504
352 489
436 609
278 386
141 169
2 287
547 587
533 588
584 597
496 618
344 427
512 582
87 253
602 626
535 544
189 618
572 583
361 383
226 491
499 504
67 360
594 614
135 523
200 205
45 331
396 577
365 565
404 476
4 333
209 302
413 628
282 316
482 585
407 571
324 554
291 584
384 442
41 100
223 297
526 574
345 555
265 464
351 447
302 494
162 551
261 443
184 617
367 624
517 611
389 609
523 611
592 594
377 515
210 509
39 257
63 319
92 364
590 625
7 200
576 590
59 409
563 586
182 323
253 436
545 550
409 598
145 260
423 627
393 467
492 493
242 253
170 401
410 484
11 545
362 623
13 247
405 456
573 608
463 580
360 602
80 499
180 299
470 597
90 268
423 603
34 597
284 536
34 404
133 522
93 231
563 607
250 258
140 536
585 616
168 231
161 628
142 343
438 534
115 295
325 362
552 620
464 532
264 295
45 81
123 503
259 558
111 578
374 565
532 631
502 575
546 556
226 474
466 542
558 610
99 153
317 503
364 393
108 430
5 69
320 335
405 470
174 543
127 589
121 538
260 327
132 237
627 632
512 544
586 591
12 550
526 526
18 587
353 433
258 307
169 290
322 491
166 411
191 427
39 556
290 489
34 167
161 610
466 600
621 627
460 554
223 355
295 474
329 336
327 461
360 462
18 517
611 615
287 342
611 628
222 288
619 623
22 292
546 563
435 501
322 403
626 632
475 600
516 536
568 570
34 176
102 387
586 589
166 506
31 389
37 474
29 161
491 501
376 565
75 526
180 556
188 303
633 633
286 396
132 464
562 582
617 631
576 610
94 282
447 598
602 629
269 313
468 610
43 430
219 235
140 511
459 597
528 564
364 470
238 576
227 516
138 312
474 564
127 404
173 630
398 548
237 484
575 619
225 631
376 578
330 480
296 336
294 601
411 437
339 604
619 628
558 609
461 503
88 144
443 501
463 499
528 548
315 420
422 527
130 595
340 539
97 394
484 490
316 531
367 380
85 376
263 349
256 536
541 544
422 630
39 67
523 534
419 465
624 627
461 617
386 516
239 530
399 487
181 192
446 457
269 569
164 343
73 290
445 538
228 596
413 605
91 603
150 558
194 318
150 500
543 554
358 383
584 622
570 592
218 303
214 527
492 597
518 557
600 605
633 633
25 52
503 511
221 509
562 613
268 377
43 559
136 322
315 520
608 610
119 576
132 484
6 234
255 343
551 603
413 432
378 598
285 410
224 453
231 288
90 276
35 115
348 579
536 617
614 628
386 521
353 585
370 495
601 627
603 629
374 379
603 604
343 415
359 442
380 500
286 410
193 475
253 288
90 596
122 309
368 526
525 541
450 480
128 221
305 357
125 358
344 475
200 406
474 620
407 478
84 124
379 442
280 347
224 593
279 505
152 608
138 444
510 510
410 482
584 607
455 455
347 614
48 97
560 618
166 527
17 36
330 576
443 621
300 630
534 623
449 539
517 565
537 582
177 322
508 508
620 632
393 604
133 469
129 431
6 56
473 557
542 572
232 418
250 533
110 244
558 614
494 625
312 627
376 618
499 552
556 616
369 504
43 396
449 482
469 569
599 632
155 519
41 46
152 626
444 600
142 532
472 622
434 501
474 614
565 581
564 571
200 291
55 630
311 528
382 403
446 600
252 567
415 469
89 251
283 464
47 106
255 372
25 395
123 490
321 516
549 560
491 606
368 372
34 252
2 579
343 496
93 624
471 561
313 418
86 127
353 630
412 617
357 451
583 599
215 549
380 382
122 488
226 387
34 103
457 615
509 577
272 341
55 383
508 612
566 602
418 491
72 592
3 28
9 230
220 451
565 605
192 358
438 592
110 613
128 228
152 569
597 599
23 160
323 515
339 524
234 358
223 443
246 322
100 451
537 585
377 530
374 413
359 421
512 622
165 401
255 409
126 532
394 493
96 620
130 268
75 545
183 227
593 605
289 293
320 537
48 464
617 622
129 321
12 93
381 399
468 623
527 627
549 566
80 310
379 381
250 488
252 313
405 415
594 603
189 219
117 601
352 553
221 235
151 239
462 502
623 629
336 522
402 624
602 629
565 608
182 215
359 505
421 498
16 158
571 571
140 366
301 353
2 620
428 601
402 433
576 585
158 339
69 434
435 520
45 232
280 425
584 584
451 603
223 428
421 460
150 374
614 632
214 599
176 486
258 538
423 611
327 595
198 485
473 552
86 210
184 598
282 529
338 630
353 551
215 288
253 320
532 595
502 552
108 334
61 598
539 614
177 436
408 619
109 387
25 311
59 167
218 283
270 595
261 350
356 538
302 577
285 346
300 377
277 376
368 493
15 496
220 307
431 556
193 477
469 626
384 507
596 626
263 283
628 630
595 603
434 512
145 382
228 513
435 585
243 543
500 543
5 209
500 576
221 452
450 530
161 259
253 279
166 458
374 516
275 443
37 461
247 627
19 383
223 623
333 450
241 389
480 553
242 601
402 609
124 352
480 490
545 577
585 601
426 474
405 581
377 407
129 477
214 477
630 630
130 421
122 284
242 595
372 516
507 586
81 315
592 603
9 166
505 624
304 371
332 528
339 393
2 180
128 324
629 629
242 312
388 425
391 599
382 418
523 609
527 614
534 629
156 197
457 577
95 222
102 562
85 355
251 412
613 624
237 318
162 540
417 571
560 625
36 260
483 493
146 161
567 610
94 605
494 542
362 474
584 628
96 177
56 379
348 588
161 401
233 240
520 591
462 626
561 587
206 551
348 582
104 119
315 566
129 587
138 354
101 207
128 556
83 518
450 495
632 632
111 318
392 523
522 627
263 572
440 526
357 490
95 387
466 483
37 340
311 607
619 622
332 400
441 618
256 512
181 380
415 508
608 614
419 562
276 381
619 624
261 310
258 513
161 430
611 628
540 556
185 400
281 370
242 389
462 524
337 468
574 604
407 594
587 607
328 356
350 428
519 601
518 521
73 229
329 506
344 435
152 244
279 392
319 597
565 582
153 238
257 400
60 467
143 387
5 480
47 90
32 375
202 453
347 590
280 603
402 434
531 616
312 338
213 355
345 571
224 291
354 428
596 618
554 616
408 581
182 399
150 565
40 433
338 632
202 233
483 550
165 192
422 456
616 620
254 577
287 611
513 557
543 625
242 270
195 522
327 444
106 476
303 349
293 334
419 474
338 536
118 140
14 486
473 477
416 458
94 183
203 242
580 595
591 612
333 465
414 542
424 440
613 631
523 539
543 624
70 339
93 430
574 597
220 583
155 416
426 559
563 610
507 612
191 477
125 148
466 623
426 592
86 407
208 472
549 561
76 248
124 271
165 270
137 354
211 334
337 552
298 575
458 500
288 578
318 577
579 585
252 496
398 503
356 560
22 372
622 630
60 111
135 508
379 381
230 337
405 544
376 459
408 469
345 527
405 516
318 443
168 352
626 628
327 551
214 224
461 557
219 598
224 372
41 107
464 609
480 524
231 622
583 626
407 555
67 405
285 611
605 605
473 509
307 569
44 569
628 632
273 323
626 630
471 492
251 504
542 629
191 321
554 631
390 417
338 596
265 372
452 632
274 618
154 562
157 518
328 530
166 422
498 514
277 391
534 607
629 632
196 466
436 510
23 172
479 505
338 556
35 225
628 630
299 351
163 293
234 462
230 296
22 599
477 556
196 359
126 227
56 395
476 513
299 583
431 465
209 365
260 279
93 308
220 398
631 632
572 625
21 331
342 345
105 510
470 494
158 286
98 547
372 624
144 515
295 337
577 610
633 633
26 520
75 465
382 536
316 367
13 522
57 191
181 404
603 624
403 607
102 608
282 552
292 386
590 619
632 632
455 485
158 243
546 583
62 217
254 373
60 579
30 382
282 582
108 482
282 491
49 464
539 582
4 546
562 632
233 371
344 622
245 382
165 587
153 397
622 624
159 598
633 633
568 623
509 558
569 574
153 331
363 469
535 557
428 574
603 621
351 364
631 631
81 376
51 57
60 247
574 631
84 230
541 618
103 629
630 630
539 552
530 571
621 631
199 502
222 410
574 597
545 603
487 620
557 591
225 582
170 557
620 631
91 360
34 394
535 595
578 590
519 562
159 172
368 422
395 433
297 484
389 609
346 505
376 393
42 73
172 419
378 489
154 523
197 360
505 596
287 301
389 538
177 471
415 418
332 543
521 620
170 259
228 398
552 584
626 631
540 607
257 549
62 499
207 371
240 453
227 264
109 612
196 413
354 495
607 607
589 605
72 558
489 590
549 595
156 520
352 421
277 526
631 632
590 605
149 555
120 299
616 626
102 568
332 395
13 414
510 599
191 405
347 570
550 581
415 610
327 509
514 555
365 624
543 574
300 356
42 595
384 434
241 599
459 494
446 470
366 561
552 598
220 307
503 517
107 136
285 478
279 336
524 588
72 481
146 357
2 101
189 512
34 313
522 612
532 545
239 435
451 596
170 201
436 569
237 420
576 615
153 235
476 611
376 550
586 594
249 464
154 333
502 578
180 605
26 32
442 598
290 358
289 448
574 612
243 361
608 611
521 630
477 510
354 478
598 610
281 553
376 444
376 533
464 481
195 235
619 624
397 602
302 339
70 458
235 556
110 558
196 482
315 525
282 600
118 500
216 247
80 253
367 469
231 448
622 623
144 354
385 395
256 453
31 255
228 328
362 503
297 452
355 525
496 538
326 612
247 330
541 543
186 336
526 590
384 586
606 625
446 545
407 469
6 474
595 622
541 557
206 595
82 182
152 227
394 542
118 557
49 435
112 500
331 439
209 328
136 497
479 536
271 628
483 566
362 626
340 373
400 628
10 210
582 613
605 614
474 573
563 569
229 611
392 400
306 454
505 600
523 540
170 493
410 480
579 628
269 483
193 291
293 324
292 483
514 573
593 631
585 587
352 617
169 353
217 469
67 484
283 286
141 151
524 552
443 496
492 587
178 450
253 277
130 626
324 531
588 618
355 467
1 329
390 520
17 39
268 452
261 430
149 334
99 500
55 251
266 466
338 579
375 377
479 577
29 507
140 555
229 427
183 572
398 553
150 457
9 51
459 567
138 493
388 480
335 385
54 325
170 619
211 380
459 590
146 471
270 341
281 451
516 539
613 625
5 366
54 149
32 304
357 532
83 125
486 617
93 123
599 632
271 338
376 600
602 623
335 467
76 604
297 366
317 569
41 131
236 489
355 379
249 464
507 624
54 197
395 601
356 511
300 373
450 534
444 516
624 627
470 477
289 496
540 585
5 451
81 616
179 496
507 509
474 608
626 629
27 338
235 257
443 622
17 29
120 469
194 624
626 632
513 557
206 373
559 587
85 110
394 438
244 628
279 456
271 508
143 430
33 554
105 527
590 617
558 582
164 331
19 507
16 378
185 576
408 582
77 202
373 630
549 597
184 213
392 541
14 155
631 632
609 629
423 621
529 539
400 401
68 373
334 562
532 584
233 275
265 479
206 539
477 579
168 296
487 557
616 626
609 612
446 627
554 556
23 225
231 443
13 615
308 574
563 616
97 421
525 548
434 485
331 599
140 218
233 575
52 503
366 563
267 268
192 249
332 410
253 500
139 264
408 502
593 625
150 280
39 314
56 261
23 537
152 232
462 577
219 407
32 236
47 236
307 468
82 360
568 620
97 294
447 590
157 468
58 424
272 344
64 150
597 630
249 296
131 613
625 626
626 631
519 609
191 501
92 285
426 513
346 549
269 437
405 577
568 593
387 471
334 554
162 339
173 219
444 541
605 611
54 189
256 446
211 617
531 580
531 626
320 438
367 582
535 597
431 546
510 584
601 630
583 590
114 611
72 83
294 508
284 517
201 542
93 234
204 471
334 453
133 436
371 602
272 473
157 243
146 385
26 320
560 610
88 515
281 369
365 369
327 556
433 445
418 473
207 427
388 604
600 622
178 238
605 607
503 560
316 359
233 307
34 239
626 630
176 365
372 488
105 578
452 546
399 564
334 477
276 472
330 434
260 583
516 548
364 620
291 536
610 624
197 599
239 319
249 572
254 403
187 541
485 556
4 382
477 512
154 177
223 492
628 632
611 615
266 330
457 597
3 362
134 359
311 322
295 447
351 581
193 422
590 593
367 622
234 378
16 152
514 599
509 587
145 186
585 613
620 627
521 592
360 623
49 267
9 541
204 570
121 323
183 542
190 614
313 360
363 460
91 431
428 480
86 338
631 631
215 538
474 493
101 141
53 164
84 338
420 628
402 484
554 613
96 445
409 500
601 611
451 500
348 622
457 520
49 495
389 557
627 628
422 486
249 503
26 363
432 606
81 314
111 466
429 594
419 446
80 416
189 578
280 436
263 297
472 590
282 462
611 629
252 453
68 268
26 65
312 376
40 540
49 238
360 489
482 539
540 556
511 511
622 629
131 326
599 628
139 354
130 446
311 361
368 603
566 588
148 505
177 359
31 229
202 540
225 583
534 574
314 590
166 319
525 533
494 595
346 358
185 282
109 258
416 477
37 310
625 631
310 594
362 362
433 504
69 512
397 617
279 555
208 610
91 150
175 594
272 435
82 375
55 465
10 163
16 73
54 514
208 341
259 561
211 605
172 326
385 486
249 483
395 541
76 300
388 558
542 597
515 516
64 603
67 400
351 515
599 612
412 568
484 501
621 623
52 302
355 615
119 136
328 356
163 550
387 518
129 205
490 549
51 401
236 345
183 567
289 379
506 608
6 146
34 234
361 521
86 219
58 363
419 435
449 492
339 583
174 425
124 401
357 414
450 631
35 375
15 218
6 205
34 529
244 360
103 223
254 283
379 419
386 626
287 402
380 552
427 442
540 552
452 553
382 446
616 630
186 584
236 290
224 481
618 625
468 498
613 616
198 497
278 424
82 391
315 340
234 578
138 156
519 607
96 499
120 312
292 352
615 632
530 574
493 589
394 482
188 307
500 623
629 630
558 607
400 443
66 100
73 349
318 589
393 509
477 519
447 480
507 507
443 479
191 275
268 350
385 584
11 504
394 552
33 469
598 606
82 514
499 619
499 514
605 612
127 527
316 449
97 369
446 461
524 586
245 516
326 450
554 625
230 501
87 320
410 612
467 574
46 266
620 631
268 579
465 516
339 479
476 584
430 558
93 493
616 619
543 625
608 624
249 490
631 632
432 581
541 566
591 623
115 119
199 626
466 508
244 410
25 116
239 553
478 611
123 530
603 628
438 573
141 540
287 584
390 400
515 605
528 584
440 539
128 632
511 560
483 570
602 605
103 367
204 434
632 632
595 608
393 584
4 44
430 515
239 283
265 368
295 334
569 581
28 171
354 421
136 282
102 108
503 617
348 515
510 578
73 568
360 600
502 563
81 402
501 548
366 513
23 596
345 361
282 485
356 469
297 448
274 504
610 629
534 568
414 444
416 520
460 546
333 478
354 407
186 207
257 396
314 420
571 589
404 617
160 501
544 556
224 410
510 610
526 599
370 549
374 611
582 618
340 399
369 583
132 590
116 621
627 630
565 605
414 473
298 520
456 473
63 521
424 464
368 487
21 173
333 423
176 426
47 107
551 577
44 367
188 535
581 624
542 594
356 436
457 563
622 627
61 259
492 602
195 238
141 628
440 524
174 496
234 240
323 622
424 595
555 630
556 561
483 531
448 581
392 560
284 439
348 375
495 538
409 469
458 498
61 394
355 518
290 385
308 514
188 489
313 577
433 585
622 624
122 465
58 446
618 624
464 615
442 627
166 556
202 422
513 534
159 264
331 591
170 530
474 599
598 620
181 530
614 620
569 580
374 455
600 617
401 548
138 164
100 491
404 511
273 607
123 505
595 608
353 593
287 389
346 528
553 604
47 467
337 453
563 619
349 582
38 468
55 436
617 620
361 459
252 576
116 273
192 208
355 491
314 562
55 173
445 623
156 187
24 231
613 621
304 492
511 560
379 522
584 627
407 506
12 26
408 449
356 611
484 631
604 605
52 139
319 359
534 594
190 288
278 590
123 508
106 472
194 489
372 542
184 266
42 547
19 624
211 319
562 596
597 630
107 433
579 591
83 184
206 421
349 622
290 514
101 232
602 603
422 540
274 577
230 560
520 544
321 406
511 570
317 569
149 570
400 554
576 606
267 518
450 625
562 585
525 554
85 255
206 431
267 346
395 474
257 261
475 495
545 583
161 430
381 625
447 458
471 596
273 352
583 623
375 579
409 530
128 262
264 546
183 375
491 529
361 527
598 623
422 528
220 478
158 629
76 487
478 589
32 361
399 496
275 390
339 458
528 528
196 481
251 353
176 430
578 585
483 587
231 371
263 485
462 591
140 215
236 312
136 229
193 417
217 571
544 569
379 564
571 606
24 56
312 565
184 194
100 375
347 539
195 196
174 297
579 626
135 563
408 477
267 592
109 144
457 600
561 628
221 528
136 433
225 277
283 544
