16468
19384
79427
73110
9389
82505
34616
89304
62367
99617
73644
57612
26461
61847
15311
68185
37969
25005
38816
72666
51955
85018
92497
87793
15051
10262
12922
92274
97257
10194
13955
10066
8036
54203
75053
34246
80704
67146
30790
34812
20888
18808
39501
11025
79838
93330
87931
94343
31369
71658
70899
81498
2455
85125
70262
78963
31794
1540
45808
69802
8096
86479
42257
71847
70431
41952
11126
42146
36641
62228
44019
96810
62677
62301
14733
57660
25607
28356
31619
7491
66161
11540
8737
34296
22834
36457
74606
71468
38905
24024
50734
95776
26164
34671
48607
27808
24694
22342
53457
90635
6779
52357
85876
21587
34783
76899
58212
99338
97822
80769
71714
43877
20096
6994
32490
70518
54950
46991
99623
30724
53046
33193
17146
52330
20461
3421
23105
99641
63119
15725
73536
9947
47621
80038
66983
27108
95373
38699
5999
45207
66861
71747
86146
95622
85971
24882
60080
59439
448
58044
84598
63792
73915
90828
21884
25460
57300
77283
32707
38011
93097
77096
68942
59789
64571
2804
45548
49202
13831
13350
48001
11067
17654
93187
10221
63169
27982
3085
80098
5717
55231
13896
75046
78068
96853
37761
18339
16844
91029
52589
38515
87499
5963
75099
8756
47410
58902
75343
901
12754
95853
41307
29637
43678
52898
96077
66406
32723
63066
42008
9714
79957
68937
56425
8747
64975
50438
91632
50619
80656
79754
38330
38060
76541
70846
96029
3968
70666
99733
56628
32031
27900
33547
48083
78492
70082
21285
3882
19117
78688
67254
21088
77591
74282
29408
44734
26779
8656
59081
69641
92705
85383
26059
82037
32587
32373
53513
72836
2887
86085
20997
42048
81115
11212
80529
79505
55982
71914
70724
50918
54501
91115
7015
40291
31791
82893
72164
99776
9556
19664
30626
36304
12612
642
42731
20657
19339
20969
60223
39131
11555
1937
43420
20532
82061
31896
52020
61965
34012
84727
26561
45731
85220
28138
95604
86622
72685
7642
14875
73991
37860
93653
68949
76205
61549
8995
43482
56431
8847
11984
6567
8188
39153
96295
21487
56684
34036
82980
49947
87678
96636
22298
94805
59479
80240
93419
74414
25625
10867
88595
16838
45927
78880
95071
11551
91751
88081
42767
58672
57777
67210
68696
11321
76949
68413
60108
15419
97904
7
77503
13037
24931
66717
25953
90347
39308
19616
38586
19316
17890
50061
59599
63440
39874
97242
65851
92159
25925
77286
45862
76031
85166
83381
62946
15292
55025
51030
65263
88144
6527
30271
69712
91917
53342
57590
38878
90187
46734
74273
90678
72014
60552
95031
28846
75642
70488
91050
59101
28325
10041
14917
60578
6383
42001
61454
15079
25165
18704
28066
57653
27269
16943
10994
1250
49210
24110
49718
5438
11653
21018
10794
4583
96387
53802
84495
84446
44444
12426
52916
97795
34018
36497
76563
39427
74367
50496
37949
58889
82353
89954
75369
75241
92055
17730
37745
72348
84635
45271
92354
95494
15624
67547
21207
40484
59842
92385
49030
24984
90359
94971
56000
58469
57229
56530
41807
81947
34159
52557
24096
31556
56841
40423
73974
91130
85388
58784
14032
38017
85102
91950
30202
53716
34757
71213
77765
66295
39655
82106
93984
15097
47888
21662
65039
79906
42563
2968
33389
96519
10198
35658
73121
88589
66037
20449
5521
81627
50752
83442
74834
29237
99811
41617
55075
73903
26704
34793
12738
85106
54327
81335
7388
66030
74991
14922
72388
96832
18839
37987
81362
87189
62907
83721
72530
43769
18617
13059
72659
19312
94201
85621
35138
99152
40350
34340
82559
98298
52336
42325
23190
87622
19923
67507
92866
41210
87560
85687
59054
98607
11688
25860
12257
65476
79413
52996
61395
34087
83375
12975
44461
91100
31332
91936
63478
94259
5790
58040
53669
41903
78969
47490
772
29608
31426
28632
27541
86809
18890
28037
80728
12913
81148
30716
63238
87195
89274
72937
72639
9690
83070
30618
26832
41311
59258
68837
80463
50600
32788
58741
61510
41798
8583
86986
86502
34326
69083
79793
44950
87312
4157
38823
78822
14449
84266
39293
21268
14270
5198
72086
322
48818
13273
21112
57918
39735
53582
54733
82318
14953
70679
75830
2940
31456
31046
18915
50551
19981
29750
4655
42952
46082
89883
62295
16507
58622
62691
8687
87265
1552
88769
28947
91926
97748
86213
38286
28517
74699
90366
17123
89416
91026
81577
2306
55227
40061
2336
86155
97032
52157
83244
21964
16639
90926
68413
59735
39742
40236
55276
39113
65261
8635
41167
47865
65637
35735
99629
13681
27491
71135
93108
34726
19813
10644
65472
70035
77711
16819
47767
4739
93780
21264
53686
77054
16244
4664
37390
4079
63315
77185
35673
71654
76568
36671
18891
59909
52635
64952
30614
60550
12175
33641
4711
4607
87787
29943
10327
60006
38463
80283
90206
77240
27139
44976
25854
58352
30054
80693
84221
99553
81876
19147
74931
11017
98932
90189
74484
48748
64377
25433
54465
2867
3784
14553
84458
74309
27368
50562
67176
37583
65944
92663
3299
31144
81747
95671
76524
38877
92318
3553
95557
26298
5971
81269
29092
73286
30696
63909
22252
1529
84880
35014
88529
29326
7830
7010
29982
98979
40876
65833
50222
12758
25670
59142
89695
82229
45325
52878
30826
42749
16160
54497
91760
10001
23077
2865
51795
58676
79961
54560
28989
84761
88009
54276
61050
72347
59524
63018
24243
23498
72457
31972
61934
25407
21867
52199
84265
22950
38454
80714
43582
36691
51485
42054
86379
16521
83642
31103
31864
49287
78745
97695
29702
45184
79763
76480
5020
12081
94193
36520
7498
89612
6617
64274
43145
55544
24133
60918
82327
35809
69369
30324
5663
46533
67892
57595
70620
71520
12112
29699
55915
31860
22141
29510
68326
35661
65557
42519
77022
5413
42687
51459
74271
68057
91754
58299
48151
58573
19100
65308
92869
31743
13738
67328
75330
98713
62584
55903
22821
5092
42975
12607
95947
45526
32482
73658
63455
66044
42507
80849
1083
39963
51789
94847
95331
15691
88699
36066
44806
25543
87088
35619
16769
13495
19450
24258
34585
86787
93278
60736
42924
21392
81787
2711
21944
54564
48496
53064
99060
79064
16722
72437
37516
13097
29627
34831
64662
57623
44248
17248
39620
68402
3776
56659
50023
63998
36397
78000
70516
62929
36114
95394
11947
93263
91217
15517
39470
46155
39472
26746
40213
51200
45577
40700
76774
35922
16081
63758
71434
94339
89697
15355
27861
30251
66850
77109
11961
59751
71266
52237
81648
54433
68566
38288
76458
81867
2072
67841
52266
53134
44412
51629
73810
18567
5012
66447
58290
62297
78196
66241
96980
33833
64378
58935
68645
20597
47672
83839
98473
9202
67316
44889
9290
5222
77353
3502
58046
81313
49342
11506
49851
1744
36201
69359
74293
27788
81805
27819
14333
42834
30593
12228
36763
48736
64192
37757
85042
75607
67937
1228
60233
16121
9168
80555
93878
42349
91347
46365
87793
88286
33227
92029
20118
84391
10759
18123
94372
11877
90865
65233
38847
3901
80874
75068
47355
58444
15150
74008
89167
43365
1330
15475
5920
67983
52590
87954
56330
67500
39486
94010
65751
96676
5177
32314
86931
57396
1204
69465
80750
91115
17514
71320
81307
51630
38
74575
18404
36250
71900
18484
32282
94120
194
23921
30440
49346
79279
2366
4388
73499
33681
948
45409
17207
78925
41344
72721
63753
17015
90100
14841
98931
84772
5872
65561
914
17887
45096
69609
41466
41269
71776
79889
55546
47183
9361
68149
80231
76651
93077
63967
85812
76730
29631
43171
22066
66524
47870
86090
80878
8187
28732
78500
32781
45646
35776
33679
29419
43441
28577
72694
76559
30793
30469
11835
72992
31923
39363
71078
79498
42621
15813
35506
29054
95224
56016
72823
14532
39381
59106
34401
93367
54395
27872
44738
30025
407
99960
14803
56580
10341
92631
98380
69278
22258
58328
47402
94737
52678
90583
12151
53227
15392
90190
75309
18485
97459
136
5012
23603
14289
44417
61380
90745
79152
60651
93451
68809
38885
99336
18990
47611
47265
73602
88355
79779
70228
82492
95408
82243
43001
98081
13413
8096
28239
2148
1901
76522
56347
81664
51712
23628
64471
44013
9713
90226
88972
92638
52137
93939
7746
11735
56065
42508
73338
44632
52248
32759
25586
14664
29307
45413
23404
29641
99249
89764
89293
31399
27367
74238
17326
479
75702
78934
55603
2638
8643
84463
37526
68658
61623
67765
2783
31857
79464
10047
18537
8729
89607
74583
84068
97304
87281
2838
78011
85083
74609
46240
86328
3861
13707
97868
31269
42233
25036
13455
6862
28265
86569
14302
14805
24606
66786
46058
86197
36203
55085
26798
69108
16833
36861
55412
59794
74817
97343
67058
56219
20579
28226
16274
16544
69108
54179
40313
12395
8919
92518
5362
76950
75782
8641
66536
61280
24264
32274
78887
28884
73025
55135
81119
37970
10879
39303
36333
83810
89749
27432
54810
99361
97976
60845
42728
41354
2804
79649
17643
21177
74433
170
6690
75136
55689
39361
96662
7062
21119
83234
36501
77721
77263
76974
2167
60130
91868
48056
21487
27617
3976
60511
22285
92366
59106
38443
10956
66170
34148
89937
10601
72256
65147
8710
87968
97288
67786
30178
76630
36060
45177
71027
60206
47850
10484
86970
13898
13091
12931
42049
15200
51710
44896
94665
25384
40416
25102
70450
12185
45186
98314
10165
31107
67349
65469
52021
7850
86912
59865
32088
67601
75144
14780
63958
38245
39961
25830
89338
14071
62260
97397
74988
4108
79111
76617
68200
4966
70608
20721
12972
31893
11161
13895
72108
13761
53160
48413
96625
7740
21182
11403
33229
17699
8306
73425
62993
6675
82583
57955
19995
78255
31363
81856
47330
64291
93906
96156
9735
97106
58616
23653
97018
63188
30212
85341
20535
32352
4287
31165
26156
31423
21977
42249
21479
84764
15815
51578
42484
75249
99364
37965
65404
88831
97851
84231
3255
93398
64778
54623
13308
68350
80349
38841
81716
45187
81591
30402
44564
41352
31137
55647
50833
69694
91919
46323
72058
84109
38382
53488
15894
78291
1356
33365
6421
88994
13314
96838
52636
67776
93544
3416
38468
75965
88608
97799
32541
26392
62473
32571
34003
42431
12833
94088
41931
29987
75404
50300
60119
61270
66320
69010
26516
50580
4305
12995
87146
61759
48885
4456
18018
24601
88690
65410
35374
53195
14755
82924
24534
53074
17743
18521
60703
75953
55124
79586
91254
31001
44640
97305
98350
89763
53701
10415
63195
28222
70932
36973
8766
33967
65658
27396
6585
69006
63904
31153
94892
19517
95365
76817
70529
82649
94780
60551
84903
37482
73299
61676
95608
22335
10681
55604
99572
93837
57517
74210
1056
74537
78218
71639
48409
5284
10091
89560
7135
6211
61614
80053
23696
15890
23888
36594
74369
22057
23240
4025
86577
19289
91
86898
66277
29111
59462
52295
64333
96227
1843
27953
67222
30931
9692
29493
2984
2208
34422
11515
12050
98649
1523
26570
44359
65014
27313
93210
9137
91142
19844
19815
21785
76851
18592
4362
63488
21605
12835
31999
93510
90909
66996
22071
31536
92779
72714
34136
58034
57073
42075
28555
64275
48096
54140
91409
20459
56579
67823
75767
20371
11028
18163
81740
4015
20359
20162
96312
55892
9878
14605
40553
25903
40854
3691
26674
22288
10301
40760
10217
81584
12052
58072
33768
29283
2803
39321
97712
6669
57524
69458
60836
54292
17502
23402
69010
10538
31219
87337
33696
5030
63402
41560
33700
835
780
72207
93372
66935
14444
20709
98366
42986
48160
24443
46104
92052
89620
49800
92246
23862
47288
69775
46773
11022
99391
92183
93665
13748
3557
1744
56733
74811
55688
39515
10780
45748
64909
6545
42093
57823
67759
45127
95144
56765
39262
20636
3440
79039
71130
99727
91598
59199
78062
96508
53032
22812
61940
37336
53018
37517
10725
77004
80475
65980
33920
84337
73425
88804
39719
3586
72900
42911
40280
89550
17978
51472
31070
8927
80646
5147
27773
98200
53364
91238
60048
69227
44485
57260
15192
57678
7096
38536
96800
16650
25377
75594
13579
67989
9243
96477
41696
37255
2802
41494
10405
14775
95105
63528
45153
4829
32654
45703
64978
47803
72342
40023
71708
26000
80737
45538
87365
92803
81082
12667
93093
97031
72863
81493
98074
9560
518
36155
20093
97678
27578
84922
90769
34139
80513
56073
7940
72506
62521
33430
45291
68140
1721
42186
95022
75052
90443
35608
63236
2864
92755
26289
59650
75225
45892
51773
23370
91302
57896
63739
4679
55344
8588
82330
79131
5807
93883
62813
4721
45180
14498
80416
45504
44368
99277
51041
75738
71425
70621
70454
47514
73360
4933
72647
51756
21950
14521
79260
27618
19665
79077
36233
78495
50262
84591
11352
34247
50057
85530
56867
58653
70539
92094
25091
38784
739
98560
61688
8629
18638
10976
91295
53222
44920
2912
53198
11442
79471
26479
40980
45783
11331
32509
49352
75610
6128
8562
33851
76751
91565
26343
44616
34763
81154
1145
4195
1802
99125
5086
61103
47746
95350
43208
65814
15076
68087
96912
83958
83983
44513
62727
82633
29274
4252
66076
112
3870
69478
9506
36636
15035
26691
22730
84551
68953
89882
17880
49758
46861
62564
17530
3240
41670
7016
15332
41380
27861
83107
49513
26853
59408
76169
18026
28067
90572
93680
40792
74430
92655
73850
79280
97189
96124
15761
56556
31118
22003
10281
81985
11063
79026
23785
73918
9130
93768
62549
90997
23268
9814
24711
28100
46064
38999
28814
6504
13749
72857
93208
89491
59723
65634
28948
84402
74384
81561
356
50085
3570
58576
2017
14672
1628
78253
98752
22816
91975
47449
75981
73798
77883
91001
51901
82301
89375
26800
10010
92224
48237
44643
20802
519
82502
38516
34797
2873
24214
48280
45596
55923
79809
51220
41277
61743
71172
6517
85191
19523
7247
96412
93122
56595
60984
26696
2735
46435
94521
46116
63419
44746
96654
19398
9836
26425
70975
41805
20906
85991
40510
14487
7424
71956
15239
9374
16176
61660
2591
39941
86134
47260
27787
19905
43220
95828
70904
35758
74113
66945
20536
81019
76713
19697
90163
183
45130
17654
42641
68557
10428
45169
20663
90541
24892
81298
86612
33370
47171
38609
33928
25926
58446
63367
43900
42977
15622
10835
26775
64013
26560
54845
4099
42853
14485
64339
60433
49271
23980
81235
16887
47127
9320
63748
56350
54831
37446
17224
60872
93439
32467
20564
5349
65278
86364
70488
88457
21731
61434
8168
71751
72632
14014
63160
40884
61736
76156
48128
99118
82783
42197
64476
52589
38930
20502
33818
49256
54654
27212
53119
89009
33712
18431
82359
31115
19340
80034
12767
86988
53580
20182
30906
1227
51509
38609
89367
91907
3065
78890
18289
42327
90315
5144
63653
10706
61191
83018
18030
51794
32094
86279
17412
24902
1228
94998
13751
96551
42116
99040
97035
32780
12501
71468
32978
16064
57641
30462
2837
14873
9019
65498
80378
80097
79564
63765
57702
41880
34699
36197
36417
32831
74906
8986
33526
69167
99933
16086
12485
80022
37406
948
39006
86980
9285
11636
78474
815
78505
52456
97277
20522
65066
37355
3848
90866
45963
75626
66914
99035
56564
8811
78206
68408
92386
9208
84811
38008
69689
45002
2365
99908
40929
14831
34467
3685
76795
55430
65963
26941
20440
30027
68168
53982
91460
12304
52617
944
67302
90945
36618
74968
97967
33239
38638
57464
16257
62638
4492
57061
90273
24854
76315
86569
27457
39814
55466
80047
80220
62650
77810
81039
22022
5948
15211
1109
59753
7570
40636
68987
23364
63634
45881
64957
26914
84622
80779
62557
26547
74074
90606
80242
10385
73962
64451
79326
42941
68601
71511
31366
52326
89820
54491
18062
92448
20115
69766
19843
34294
47670
12449
95473
40551
87327
41194
54349
55996
45028
22346
75591
2463
69706
45944
33598
1650
6266
27141
48428
61639
36017
95751
91186
53711
66840
93912
39541
74909
14331
47293
96548
38733
97320
48767
57167
61510
56419
95168
31163
15133
92607
47513
8534
98277
14398
42997
84151
37621
76737
73079
42026
68248
92536
56176
36400
58061
98653
75722
96812
34973
62092
24794
27366
47529
19350
97030
66599
39770
52101
90219
23687
49338
15758
43734
9142
44198
53975
13889
33748
97786
51788
2343
58149
65030
2823
91807
37340
62400
91902
10633
19234
73964
23372
43256
24560
2449
57608
26975
56538
59360
53394
27267
63073
41463
52282
63555
1682
72258
82507
65329
37905
96566
4685
74470
41672
3945
69265
73882
32880
22349
6588
14733
67413
67338
24410
35089
47864
54072
44877
11202
89459
79448
73185
59420
70939
59957
53547
11437
52655
67183
34594
18541
49660
37328
35953
1514
6290
43773
80508
52053
30530
12374
32734
8806
11424
28065
62491
76572
60831
28299
35781
30740
92022
3964
19262
50671
71963
31620
73647
55565
61519
42279
2655
74214
88418
91380
18791
66120
81492
32250
84990
25578
31534
11045
92045
42643
34039
95004
35735
65289
12177
17850
64695
5613
14538
76229
80349
59588
31482
39354
83560
64668
76411
40307
79207
2442
33797
1979
69479
64586
84534
13193
89480
39506
80972
11286
64565
44364
58940
46288
97879
22574
42136
98770
28656
50408
15448
98589
37141
48003
18090
44921
10313
69835
34868
59363
24154
57659
44478
13337
42789
74928
17409
58629
82608
5876
42852
55634
40340
94734
3950
37696
38065
20952
13798
71935
95274
54841
70792
77036
98339
14706
91235
36693
1135
51333
29552
3757
57072
18590
2051
24620
52396
49951
88822
25927
83405
49901
211
96487
96075
26474
59252
66037
85625
36581
69466
29554
35642
89322
8683
90845
61686
54135
13816
2407
12624
50419
98972
59890
74493
53185
79866
68954
16288
35314
61160
39923
14835
81168
80212
81360
96800
48583
90612
57527
39863
26689
11997
46674
82245
35523
68778
87196
3
40069
89783
26923
24904
6162
43208
97138
92193
8565
36876
17432
27175
12594
22470
50
2333
89820
4240
63142
22523
95652
67603
81167
24844
32023
11153
97681
11870
41943
86753
809
72220
34317
26734
14970
80786
17255
64631
93723
12470
25959
36488
8112
47899
67354
83425
12469
97335
67756
63002
35345
19896
2181
16824
87125
69176
4284
34947
97808
53517
4476
3774
98567
59416
20413
23510
38908
49925
28834
33626
87600
16439
80651
90408
27
31846
82209
99302
47195
25821
54816
16624
92362
78871
1895
128
70110
10798
58570
5992
69637
21311
71977
970
49150
25851
62303
82794
11475
17986
44292
79317
52330
81308
46914
27494
52183
68355
54895
16951
20228
61841
9976
19748
14718
34364
52061
17841
57757
26762
50818
82848
34602
72409
76827
58906
17660
5005
88040
48711
83548
800
62099
5288
97964
22672
87961
87594
27569
53129
41331
46769
681
26059
7538
71631
79327
92911
82804
36984
24000
88023
80248
66369
29494
89909
90500
42055
85252
10606
98472
69425
66889
83525
37613
30305
96917
61790
70877
40405
22154
83644
23688
59675
42910
9282
58321
91240
94741
84332
71423
44500
27454
39218
16799
31053
47966
90767
4131
8273
93765
72673
939
84731
81906
84805
69904
54040
34848
17873
6567
29313
18899
79558
3456
9078
43640
20997
55855
17352
61410
38387
41707
25472
74794
3455
53575
81386
7034
58700
34081
43267
15345
98547
67957
38661
30403
45935
13562
47795
86542
25374
14692
40241
66753
28124
19508
77852
24098
62907
47569
33651
56929
86441
88256
66348
9134
12098
84282
33193
38582
2099
52503
20072
47080
58926
20916
17078
93333
45013
15519
70219
16786
76264
13617
95502
84663
54600
91170
50311
37138
27465
30984
18826
46301
88120
25789
83163
23405
59552
5676
19984
5870
36939
42910
83523
30623
98903
38767
10271
53556
36108
76866
8038
6250
87326
35346
72641
90573
17657
86281
9178
99372
21411
74905
21669
17181
82975
63468
74761
98733
83046
44998
24302
45031
94690
80739
59724
96828
73996
91715
556
43590
13417
39664
41773
2361
92434
65467
48285
55433
29790
14269
57559
48301
14304
65611
61169
40137
67138
4210
1021
67819
67421
12417
34070
31578
55225
38919
90526
35373
11190
99912
74874
18365
424
98765
36462
95190
59842
8094
66990
82197
2729
44209
65917
24438
12060
78048
51617
53900
94985
69006
86075
3321
74914
78475
23940
71911
4733
18440
92996
89390
94967
17146
62387
52978
64061
38627
57389
18324
34466
75804
35092
9834
17848
47892
44040
78443
55486
72019
52696
75621
5795
46235
46533
31226
99943
76522
61639
19816
18626
3912
43890
75098
78342
39533
97074
65445
53869
95131
10796
74748
5171
4584
39547
42325
21576
67893
38022
3248
43815
13376
44582
36121
75410
65985
44706
69235
48892
30165
39320
17972
69453
44141
89129
26426
18900
39208
5335
64459
66157
42397
9618
87722
97058
93768
91788
2672
45807
10637
52226
91188
83242
20211
28044
40149
92897
99360
66828
90140
44897
5704
29904
64452
59805
57687
78265
64645
39829
23019
18579
22137
33164
4599
64194
76664
88744
70981
96564
11897
53310
64462
96265
16128
60457
34049
49537
51635
62206
82809
26278
10201
57631
89572
68434
4232
80231
63434
23961
92998
15957
16215
10833
71782
37217
92784
97999
58022
54653
82079
45796
93052
8138
42691
56968
40594
41185
16037
51303
3939
28832
67433
91805
2528
58088
90784
58416
45688
92143
36158
86459
16326
84786
71139
61328
30630
49891
66687
88361
71161
32296
6093
37417
217
71042
51694
95359
47902
93715
68137
46467
35113
31471
93302
40749
35457
98369
68371
3175
2107
35729
87091
83055
85700
82527
920
42107
47609
96173
21546
32186
29236
14560
95166
19225
72509
19875
83956
68623
99283
37438
79318
19135
48150
78688
88779
37261
35933
16467
83825
62192
58185
62865
69488
22568
68047
5138
38163
30615
76089
43617
99923
36680
95072
66991
39498
57727
13081
95009
36144
77083
16018
16384
96744
49492
96236
50568
94826
35531
77882
66053
78538
32464
61535
95018
9193
64819
40781
94353
18642
47302
71639
16507
28514
35070
82046
70081
57285
31991
93131
69739
52171
36174
86561
97756
21970
63901
93009
25384
14329
8008
95599
71260
76247
54839
39189
6164
60207
5097
11430
48724
89989
18216
14779
35017
79970
27331
79961
86550
9664
52487
80900
45698
91265
73409
98671
95460
32130
9998
47810
31250
86410
98622
22118
6468
10472
45375
39101
30696
85252
83636
62268
59652
45389
62605
58734
79370
59714
45906
5930
53635
40649
4943
95683
73265
21036
50360
96543
18651
26130
56790
25938
22790
85744
1007
52597
1090
76958
51679
96653
96331
61340
20086
19939
72422
82267
5511
2190
79001
17753
46425
80250
372
42077
19185
86826
96973
35539
9625
62932
45256
95839
19755
33903
82788
46875
61724
32694
69359
11120
34260
26160
82022
10337
72987
50092
72243
85983
15372
87043
26712
85498
23437
27285
89884
43549
62991
37735
25924
98343
46800
26284
20519
22282
10936
29678
48856
13535
8485
71949
65107
90479
72873
37369
871
54531
24238
77005
95276
38522
66613
21161
17839
37579
51121
1343
86662
27369
60933
94876
29195
10596
7459
92867
80531
96826
14045
57960
65091
12957
3374
82157
61558
62106
97871
76966
8034
97198
88574
28216
64674
52186
27252
26128
14405
78663
49020
37554
48856
68485
38228
21782
56251
4094
9117
3896
766
67380
84551
10413
58736
55194
21068
40754
56107
95065
46549
95082
33635
28168
48037
4151
51616
28284
71489
10006
34285
55268
72755
27752
45555
99435
89585
78057
82353
59344
88208
17667
69615
9577
74788
10933
41837
57434
52063
79190
108
57852
44492
36793
40676
54393
11448
72755
61342
40826
17312
65086
65366
92580
29751
21351
99074
284
73055
23375
78969
48632
72060
16679
86927
22974
84045
25895
37910
93318
30897
96311
53660
20835
11924
58626
7945
55510
98882
89118
44189
45210
89087
90641
4705
56272
19962
51223
52240
13566
28872
46492
9185
4089
75860
39770
87535
52237
33666
99408
33593
67252
89368
96740
65389
83702
95056
70063
37926
64411
51135
40105
31624
11919
5162
40680
22688
39317
1589
84582
60676
84229
23308
19241
48113
10759
24636
39243
89798
33336
67151
13570
55312
13730
34762
54248
77235
27893
22431
43
89714
72808
64204
13987
97281
85208
90461
96703
52196
73805
81806
98858
10087
24571
17516
75544
28304
24664
220
62991
69135
64734
75248
73723
70941
21645
53071
144
54239
94051
86275
88469
36917
61799
48754
95066
42995
66798
14082
65456
2758
67763
32482
82578
58544
4186
61381
15411
10156
15870
13229
61633
56558
3582
46055
18704
16457
83608
37220
36643
39326
84455
48841
2708
50575
57435
14596
83308
9841
24564
51896
1682
99716
66966
30901
61242
3771
64901
12365
33944
77324
36554
32
20638
62208
86906
40114
56100
47606
70265
40286
75252
33087
90468
73762
79100
7062
11285
80152
38969
14161
26232
74143
55877
48385
41758
25490
48210
75427
60723
79353
75343
57133
14070
44728
17456
23892
77801
90513
22503
16560
29610
53724
148
98572
44973
82393
89456
21005
6006
6936
52223
8608
98065
58032
47042
23210
98864
26537
20569
52395
22774
91508
11909
65984
69017
26111
3647
80616
36622
27981
68765
73578
11305
10586
56554
91069
99820
35160
32568
3184
85905
59021
37796
68176
8558
25335
60439
81928
18211
21914
20022
5065
49239
92111
48048
79768
58302
89651
12006
71120
17177
30986
70246
93667
15996
13746
64121
12891
28263
37913
50707
43451
12507
87513
54590
1237
77127
4990
70345
4730
14742
17803
78763
62619
20302
57411
49275
29273
43212
44460
88698
57417
87913
830
62076
28238
69625
89124
55303
93160
52401
73264
71132
18634
45125
40026
50312
85573
7801
20692
87804
58416
25231
4416
70354
5317
38090
40475
96217
20597
82475
85270
50384
73320
78114
61753
99403
81774
22754
63905
38742
92595
95624
56944
72589
25452
46418
95151
31109
29419
47916
3496
33382
85562
20102
46717
85608
81782
91614
40033
63618
80555
50327
39401
66348
97988
49089
86026
42649
13482
74876
69764
87642
33294
60050
19145
76821
38422
12969
21931
56186
57487
71802
29414
34920
18674
40247
148
33464
51285
46711
94325
24342
27094
79582
38737
65630
54452
90364
44049
67763
63959
23730
71087
53147
53522
28969
10870
65065
92769
30839
64333
57447
22012
89478
82009
50289
19354
58835
51347
66870
51029
60983
99954
78377
64696
29696
16696
69151
33155
40873
79448
1477
6848
39623
18197
2725
87493
94282
35278
19562
92338
56143
50722
84115
38778
80340
39997
15145
42452
68138
83876
33657
88437
23742
55726
6842
4796
79833
30206
46844
40485
35149
9178
81558
25502
64743
25574
83544
70158
8946
4037
90057
42503
20612
28330
72365
48162
51858
89841
15680
25237
91339
68937
52422
58434
20948
31502
50985
11185
46932
6674
99783
72311
74518
48612
42063
14640
37476
75077
10849
66989
64412
18666
85304
8079
62159
22734
39952
1160
23261
63353
86379
1545
19354
81102
13406
85734
25154
62048
16192
70426
28773
15962
67311
12520
23286
61646
23591
7010
41720
44167
81345
28763
93068
76884
89571
96228
80450
22322
5839
70429
34231
287
32769
40952
72647
39031
4372
92125
10443
65876
989
87262
72046
67357
59169
56547
29936
35794
8539
25051
81208
59135
11573
71350
95678
3962
4142
64373
17464
87774
34828
86321
78598
35939
79180
12922
88044
71195
61482
88754
92374
89099
51044
5023
65413
31545
12627
59917
73314
82284
81356
57546
78816
73314
1288
80496
93829
9064
13823
53108
63062
86525
7188
97915
63023
13745
41493
75975
30553
6601
45181
93412
92919
74271
38175
51042
57577
87582
74610
11773
33825
61159
13794
61292
886
70312
21843
41607
7367
66600
78443
44106
85556
52246
13281
59054
90700
22879
24896
91846
30177
90510
41073
72818
30408
54243
64350
7061
350
94871
8826
33418
89619
31372
75166
87750
6538
92230
29562
94538
56840
22570
49362
43030
87273
69313
73196
39382
70037
60847
46639
64642
43735
25168
85798
9908
34468
71004
90696
4642
16714
90128
27900
1845
37788
25884
67597
34713
21990
92883
4122
13375
90940
25915
10971
87444
85121
82279
81376
60377
48356
21090
83787
5005
41672
35517
17915
96115
85967
19530
91495
45578
93894
9362
50499
98275
40554
51763
86279
22964
39873
16026
11932
11221
38945
84860
47197
79723
16156
30349
76243
56385
70579
5578
45971
19271
19882
59930
53777
48658
81953
16636
33195
47302
1421
34842
83462
81690
96463
15281
4725
97932
43545
98576
94511
69982
88158
48268
33010
44961
68149
6849
34833
60660
62920
62408
73148
23633
36519
65923
88412
52825
25595
94817
78412
13299
34196
67071
28927
87371
36573
72011
85021
56360
56412
98833
81866
95150
86350
11982
50921
13884
35151
43704
92422
16392
41580
48404
58351
83294
73818
90886
21403
29260
41127
21102
14932
28514
80562
21761
16462
50430
45648
1926
13083
97957
16240
49705
30874
95590
69204
50176
32493
30759
98061
20905
87153
12749
46435
16713
95441
76636
24907
7800
7765
26247
13788
40896
9717
79762
15367
51802
60197
54348
8347
9494
58910
2064
74475
36927
88657
88326
12751
71700
24837
86305
30191
985
29670
45909
99726
29400
51866
84374
5626
15962
33823
36993
54763
46833
87906
1143
18029
94238
40944
4508
80421
48780
61836
29311
20556
2289
80965
28324
10813
1431
82124
75601
27836
88492
97741
5094
89757
95051
66411
3718
91345
56707
18094
41920
91124
72617
36824
44444
15606
42239
13335
26732
84896
73540
40786
48279
31234
71853
25550
63278
77450
86617
82082
80999
65833
14460
55892
83608
79580
31367
71953
87534
78776
54133
37163
75941
80775
11879
34980
74556
50862
42071
37947
90813
33272
12319
29527
87158
44888
9180
70551
13396
74393
28228
67504
80030
78136
45882
31
14871
40686
52762
43216
8504
72792
80818
76564
20753
52387
62015
6078
89882
75329
15072
38429
59054
71709
68551
36928
10411
60842
93550
57866
76182
63490
37301
12750
78319
63375
20182
27082
33451
11704
82964
69524
48284
98245
48551
6658
22117
70346
93040
98011
67746
67379
4621
83634
59802
52221
45653
32207
20430
63677
23187
11538
56226
84149
16290
15254
67493
15427
4690
29611
61105
82083
92606
52555
11667
36779
24046
83511
32146
24689
41433
86876
34803
75286
48117
94748
85982
28870
97127
55189
84197
72553
43479
51128
19985
55774
65412
12023
8090
78984
81114
15455
17812
791
61831
29092
65741
88648
69670
74775
76589
46051
28985
5969
62453
85296
73944
77418
18632
78950
1655
51557
84946
15525
203
30097
75572
5213
13993
21144
37471
30111
55008
52350
57803
10001
67885
18784
4051
59532
9164
10566
47117
45600
6647
99794
87247
14691
23447
78877
75439
49187
63196
33111
98824
28854
17745
99185
77537
19192
76822
8288
2730
81823
90254
37564
30605
3784
97714
96893
35758
72357
18368
59340
18607
79984
23378
3065
56297
29857
97908
70082
84276
26923
36085
63015
96545
81329
2326
94787
56655
21764
35490
78214
18602
14643
68524
92521
67069
11804
85567
92050
99799
4104
40939
28779
91427
41269
19993
44710
97689
89349
30513
52834
81733
36312
75132
66057
70059
23582
70222
52337
74709
76744
44746
91271
50376
32174
73762
82432
90409
8004
75588
9013
4048
47633
29076
91661
58723
71881
48009
76875
15893
11956
83328
91911
36655
59510
10716
63899
84204
62401
987
44681
4278
15156
63837
4903
21803
41662
1650
60926
52236
44301
9417
76413
89475
98492
9246
36747
98702
4550
13492
28930
12171
69773
69270
72198
98678
82867
48885
35332
53373
60053
15678
45461
33521
87669
12862
40154
48009
59564
94083
39673
93593
9275
38786
19514
19307
66742
72900
44654
91920
27246
45909
86467
29986
6262
99082
80812
71761
68118
96455
1533
43168
58594
80075
17491
95960
42042
54117
73169
93400
42113
98643
83021
30989
11862
63116
57966
93188
13767
92202
88736
63564
73127
91971
95313
25418
79320
53303
14234
12724
48573
11105
36312
97064
29189
32904
26137
25268
25565
98440
51703
54579
40887
53070
27618
67438
90045
92118
28557
86341
14091
60747
60965
50738
35476
34483
90524
62568
29345
79241
10438
54780
50311
76475
1374
88070
46427
39061
77694
35052
12499
36565
36618
68249
83373
94736
27045
28490
44547
33389
32968
13724
42196
59286
22808
94750
7642
36193
50396
33971
72305
12949
6018
56076
38369
2265
6565
95385
87639
67832
82767
23642
56519
95464
68394
44130
78534
95116
21440
23267
97518
5005
10528
19193
84341
46450
81103
58394
47985
8634
75468
6007
17801
26193
18318
73220
87936
49332
95133
6062
57212
96122
44652
3869
68154
19696
58628
22864
47377
19260
32136
30501
76232
73128
35966
89661
75371
74468
88943
68239
69814
5978
92520
89308
12135
98427
52561
59824
80541
79788
53977
41665
35907
36667
72710
57859
17228
77757
6539
58926
78515
10269
81280
9565
21773
14594
42164
94262
60541
29893
71554
81911
56330
43882
83587
34172
6376
13766
33978
90033
25249
32097
48903
9934
55175
91268
20747
16811
60306
93425
40473
28537
8740
98766
36467
36512
22732
4519
67916
48503
82329
99327
77170
80380
569
43333
39953
50970
49427
82958
64937
7065
4847
21173
84879
81439
96474
29006
50396
65785
93127
2109
84407
62573
28583
37367
80368
65107
73893
28891
30675
3434
92251
60138
52915
85243
70338
99498
41161
55558
6091
90357
7069
96743
47040
63477
91284
91245
15585
89468
19495
73488
28054
32196
49450
4471
12885
60156
5361
12865
59927
22168
24313
59799
87681
96185
45684
1012
98162
75571
59016
39685
138
65894
88403
86030
20640
27116
32169
65569
91926
10968
95461
47058
96510
11399
50351
93147
76361
67156
33155
72084
64085
29879
41872
7204
73665
38544
28016
82397
96225
21620
86585
66407
82370
82052
35488
66568
56757
6939
41506
73442
2875
83771
93677
11849
76422
98105
47001
70898
54167
33802
59424
45880
1887
96221
23316
88271
49736
31225
48978
26592
96307
18438
92207
90493
23689
75838
30528
43208
94992
24638
83442
3369
23079
28315
40865
16216
44661
37722
10936
16318
7467
45417
23433
9224
79812
76652
28290
87802
21735
21900
10042
90561
14728
46386
98493
3839
33161
95756
93507
7548
54630
53841
37554
64989
48773
98434
63465
61302
54483
44026
16841
2206
53997
56678
2665
94975
78994
75494
33869
46937
38623
77620
65965
33320
42293
79243
86329
5874
1086
73776
89318
36469
30825
70212
9106
15735
47099
9580
1019
55820
37973
5511
59057
78476
23637
76094
32458
4919
63911
8529
57315
2317
54301
25543
50664
83227
59226
3054
23885
98974
67062
22314
59894
15668
15799
26549
64297
12492
30419
92047
44543
95842
33482
16735
93081
80067
38970
75476
50623
45799
16075
90596
3829
50239
14422
18654
28100
30264
75118
59975
20612
8869
13051
56197
81337
88194
45029
52882
90519
88263
55634
69191
99912
69580
38075
34668
2072
59853
20854
24413
67082
90354
92724
48189
39307
35823
68211
26489
68157
43320
93865
17126
6253
30057
81448
39639
46044
27984
68439
81569
81608
53822
48498
60656
76234
87175
84966
60037
88355
46556
18985
49740
58490
63351
10516
57055
88091
67165
5282
50853
47514
12482
3610
60433
34840
96208
18144
58216
69838
38396
46591
97394
48102
24379
52936
10594
99233
35479
45961
43680
89922
27652
67467
20013
87871
52624
54217
4790
55726
54503
17450
66551
75531
16316
91684
13480
13702
75582
40594
15835
24097
75747
71879
12667
52491
71239
5359
40890
49625
57843
58903
17888
21941
57283
65375
54984
49240
45106
10396
78440
76711
74374
85552
87104
45127
14153
84551
81351
57472
91432
30885
56707
92882
97846
14718
67317
69473
98461
33982
29382
26499
58899
80109
52754
43256
89168
82322
60068
37236
87865
26112
77096
87257
58775
91261
55473
8654
63373
12741
19486
67081
67420
53800
12322
55067
37529
94736
53996
71207
44521
83142
13085
35693
34349
61813
37522
47892
34512
89029
85821
41750
74141
92608
49491
23035
9324
53903
59783
78783
61695
803
27520
33773
98022
99886
73420
91468
1196
76964
68170
37568
8968
62608
16415
3177
25747
54608
86933
81559
44916
12884
12411
67553
54379
54004
56601
41935
36417
92273
74046
54376
14454
82236
68138
68100
43941
53519
86963
16968
92346
93032
83222
91398
4088
21905
4410
13427
284
34888
72576
83156
20289
18517
59088
78927
72263
40986
59239
71818
23394
11452
23881
71370
26895
39436
10916
53934
52519
85971
78110
37654
60110
87355
50546
58765
31560
49625
60952
72810
55576
57286
79229
51274
41755
13361
18661
69290
25754
29495
30655
83270
15692
14624
77239
78653
21451
68636
1175
27464
3142
73477
97187
32936
72787
88326
24647
54212
84122
97746
91991
97958
49447
32120
86213
35702
29568
78219
16968
55831
53125
24425
94133
87355
35011
39891
60125
38946
80033
69848
53823
81202
77655
40300
91661
62684
16381
4509
13238
91013
72226
30949
53768
29146
54715
27831
73740
53929
26014
22831
97349
99133
43995
68309
85590
58370
18472
22089
97321
54677
11311
61802
72208
92989
55768
26801
3114
99354
18135
45831
52336
16428
75700
930
6035
68676
38977
98425
54252
32648
3332
66443
30119
47805
75363
75013
41169
81601
82774
79607
78107
18865
43005
21892
91960
79998
35471
82499
89212
85115
95064
69770
6363
71954
20408
45724
90283
44254
69392
35917
28781
74261
96615
43368
47040
8110
72645
88427
9842
26072
13362
26202
46987
90995
39163
51113
49844
77736
78440
84145
70681
13981
27494
52548
93241
78581
79912
14013
32959
97365
42470
47768
68287
48382
61723
33557
794
38594
95710
66153
91005
42301
78578
7812
19408
97900
42451
64004
77604
44049
80450
78781
3279
38937
57594
85324
34489
47046
2127
14449
73690
96658
38855
59330
20009
8341
58197
18163
49458
69714
49912
88203
97078
85057
68829
64380
22485
59638
41437
3589
20812
88127
66781
51813
74768
4072
12913
95383
30325
13087
60990
89967
18509
76321
3111
41287
38815
32689
57163
60108
65972
48472
22128
90685
41099
61111
60742
16664
60722
40370
62877
81322
82716
24508
12633
20072
26885
1703
54915
92329
59757
97694
33108
17101
18073
99459
48505
62095
43544
91700
74247
9652
72615
8034
41792
24496
49323
1987
6325
78054
6737
24243
88997
42021
93087
52079
88536
49884
2319
54507
52513
39277
5687
92368
99432
30305
70890
46477
86796
65422
98359
38876
27481
34953
478
62369
66930
39015
98821
61723
47130
91393
16982
16264
99782
53816
2066
58083
30754
136
16681
22649
80605
49041
5006
69370
71903
71261
51538
28456
83015
72594
19095
27451
20218
77641
73933
25872
95197
90792
80079
39620
53409
90787
72466
68183
40259
23089
99015
47121
36702
90339
55473
35913
43610
5329
23691
16978
45126
63206
63889
25532
35256
10034
4599
51896
49037
33379
20110
57995
99908
77240
84589
27994
88278
88427
44482
29367
12783
34412
56358
95157
85355
93700
96070
50825
23999
8934
56903
99740
73018
10239
19334
50277
79457
61700
93088
14419
36658
57431
3367
32874
91078
95328
17456
84938
96876
86403
85323
22684
94321
15494
98437
28523
82653
55183
54683
32790
55838
48923
54086
43727
70477
21642
40002
36075
19185
46534
43488
16475
89848
95230
84765
33962
1453
25270
34987
32067
20523
13518
44008
45381
78738
27116
95354
27920
31918
34580
58338
63215
23315
98830
69062
46789
40038
61198
86983
50502
80424
20895
41789
75263
82334
37941
6536
73653
97549
39218
7294
77277
35882
87111
7007
94960
44084
78078
81819
57423
29260
74573
41844
71639
84281
37848
35132
13805
23531
21501
13554
33706
91360
6008
32385
65235
62712
3032
1561
37915
15684
34955
5892
62498
19120
99864
63958
20058
44874
65138
1000
18486
83988
93804
69772
92864
18780
97020
65172
16943
78749
23279
43398
61785
87163
40398
74428
84598
87357
39835
27841
55915
23014
94581
16290
36445
35065
31629
98395
96328
29381
37952
73370
28946
64021
4941
83419
49082
2590
30430
76729
80909
81099
39709
73829
35165
39773
57339
23173
46819
78335
60118
27966
94651
3571
68210
75599
52378
51371
86235
3468
27316
81911
89018
90552
27025
66297
57740
72789
57003
5753
11394
42121
93201
50268
45730
4014
91982
12689
87290
36326
97127
6308
93646
13595
78580
69293
82659
35120
90850
77675
53312
22666
70340
90098
68618
34171
335
12184
7119
73561
59988
16113
53651
63536
39367
1882
92363
88194
46458
40750
85338
5391
54019
98451
68753
74921
34247
96062
75139
47949
7463
29754
95100
15538
87370
37183
24755
19699
39882
67890
6217
89062
85173
87851
57559
73124
63253
24165
6025
13910
52278
34920
83639
12019
75761
71359
17902
15147
59913
84742
51949
81567
5624
18694
58273
48422
20905
19302
68099
65301
19072
89873
24466
37241
25602
15018
81279
58100
52262
79599
12848
5223
90976
12078
68860
9354
51896
88955
8259
9962
20185
47207
72163
55447
34296
65041
10750
10158
94855
87770
61924
85688
97709
95250
90653
22641
47353
30075
36971
10841
47606
31586
87992
50936
85307
49796
84622
28383
19745
45404
97251
92006
65644
17384
56325
3644
10753
37966
3512
52819
40415
16365
37057
10959
51005
57210
60990
33371
21667
27420
11987
3981
79560
96108
29966
57820
37628
66131
58938
9280
5910
73020
13139
60350
77476
87282
20140
62395
68332
19426
57422
57428
46951
93617
31809
30452
23582
25422
12179
63081
82080
11933
15057
90510
27714
18384
59939
28835
93279
24405
56657
57758
92782
75180
60583
14965
37097
68030
33163
82719
29192
93320
75037
24687
37870
40089
56924
61591
8474
71445
59478
57930
6548
72503
47485
28874
6231
74535
46061
66350
28959
62994
56903
26414
10041
84228
51205
16195
20786
75914
2494
68010
2062
59652
77428
90691
71508
50664
85520
43731
51132
59139
99765
88565
24578
80568
99338
33068
74098
98238
52776
370
66107
50110
55519
21076
51161
44392
59159
69230
19312
43406
81465
36641
5000
73691
65993
67658
67002
61830
68026
57012
78431
40076
79612
47088
49358
13648
70638
47738
70379
32394
15142
41757
9279
63588
92508
32154
14916
19690
1698
33578
82562
55208
3337
9556
13142
10132
9276
9649
55173
43965
72126
66200
52669
73948
88344
69032
34883
3879
17556
48275
74472
5781
38143
60451
9529
95671
4473
90983
71880
26842
44735
57539
89171
9278
39987
22868
31459
52253
54783
3290
54401
18624
47703
89537
50572
73978
76106
80332
58085
11553
23598
65917
91361
34718
21011
88694
52787
82795
2058
51176
55935
93176
33417
37678
41152
2871
85600
65461
92513
6078
65797
83496
71510
820
16776
92591
67302
77331
96934
69299
25964
23649
95801
37842
61870
49723
6535
49254
73236
60374
72393
94966
80771
39546
47686
3294
83523
43573
65361
41583
79203
39537
83196
74192
27639
66314
88442
7100
45457
40525
76819
83591
7714
77367
85923
82269
97918
47178
55384
8646
91695
42585
6532
64557
81394
88235
82845
25898
48936
85336
69148
58449
72529
46623
12269
54037
9130
43895
98822
74822
29073
59836
6771
52187
91854
8668
36633
98554
42769
65980
45422
55354
78995
27152
51893
18474
80625
95869
55130
53680
27308
89511
10221
38830
24338
36559
34532
47148
43397
32670
75996
16382
42635
16716
60890
32360
68355
25805
52704
92287
56293
89212
96021
3055
44356
25136
89704
12905
80609
11325
32269
70988
60449
10888
8915
58661
55082
47948
44543
38819
99814
44347
29949
25119
95074
48197
39427
81647
35770
7861
97206
25394
25214
70795
17381
18842
48773
15712
37444
8051
79317
58642
89055
82794
61687
8725
1329
9630
76572
87944
11723
16245
15587
70519
67509
85935
8774
42302
36855
54826
33363
28281
12694
91227
98365
87151
84845
76445
43385
25964
76278
99476
12047
44933
87909
24171
60503
82790
73022
86782
39727
96405
67168
34248
46638
74952
32294
19141
73575
58460
34935
25884
98239
3409
67399
14671
46944
13864
38217
34456
32864
35660
3507
74452
17932
93292
84445
94766
72157
34388
17700
1112
7336
35055
15465
5994
43480
10867
69647
49307
25778
72908
20779
34993
47469
66026
26424
77233
49766
27338
6074
39549
63786
7046
10003
93307
31442
705
58041
18269
92317
52404
20908
17165
51804
1644
71514
18722
52099
63228
16579
99107
52149
49110
29920
60481
85225
63878
47933
67144
3517
31461
55088
54704
38015
39626
82653
95774
98889
20962
67402
26888
16688
24335
68724
15634
77912
69109
22337
74459
39829
16025
16715
8169
18921
33159
14376
15806
34903
83219
4339
54458
58010
9260
64339
12430
51078
49946
31802
32337
19928
72567
31126
70824
85640
72322
81448
80956
70567
49736
13900
55751
46237
44561
60228
76920
25799
74195
35717
71527
96254
97340
28502
91146
76435
99565
24632
92987
55548
76386
43691
20579
14065
71643
33272
52739
53838
14192
72294
13911
67558
84313
62926
16378
58996
32735
48787
35436
84965
69806
83134
2278
27515
40109
84914
36195
20616
98668
62814
27609
49419
8938
57900
26531
12158
89850
53928
87230
84872
49486
31084
69219
57307
56300
93716
97084
14765
15329
85495
37290
25079
36449
16502
58739
52535
4502
65895
5707
61266
86983
91089
26727
89486
43995
69790
71018
72923
37291
24772
85305
70883
70500
32932
18138
1629
30981
99958
66292
25073
45292
89831
78397
20287
4850
34445
64611
92906
66141
12783
47997
13236
80705
81338
33190
29728
64133
57944
61008
24435
70421
9644
63851
77196
98315
71946
36061
83478
19628
31551
85833
27189
86027
37591
40864
44221
40421
67410
38587
25090
31827
62124
43686
95775
8473
64430
491
84680
42901
36607
45958
30635
24959
10110
80110
11943
43838
19910
15116
79707
68661
6417
1666
60011
28673
25831
61835
49006
88667
95725
41326
62549
13079
16864
30805
17778
13029
54544
95984
17817
74602
33129
99165
82831
73799
96030
91150
20698
93831
9980
1759
58820
73808
47316
59599
64937
34393
62807
27344
69261
45596
92669
47423
62875
24664
42543
54888
88044
77875
98479
29114
54931
29079
90408
24107
16206
9917
61119
38338
6102
21950
45377
59377
3724
19263
43670
46017
11746
1658
82915
91156
51105
53133
92539
42385
59916
8135
88484
44072
50529
78939
49977
4634
22510
31503
94327
85800
51317
54286
3521
56812
72494
24780
33073
55881
59486
41850
38370
53598
49479
58532
86638
18619
6161
19523
83716
44601
20909
80366
33982
9193
44598
61230
69036
829
11117
67152
26200
67136
60601
88781
31370
9956
95538
82868
42486
76308
6086
20179
39598
72039
82318
79958
5480
55510
90559
64749
26731
52316
28603
7089
59501
68886
90283
40501
46227
72740
63769
11205
40208
50239
59882
14092
93360
48871
16854
46762
89173
60414
56168
88810
57643
3780
70459
30042
91912
21885
8940
90938
97330
15604
88394
1424
42862
99682
98532
29907
52009
80386
89317
83517
65846
22808
24870
32634
34309
96846
63645
48042
43517
65277
77798
77412
66715
4725
56001
29339
34312
30922
43459
77769
54543
33340
60452
47418
80435
11101
6467
91670
11049
41985
822
28413
35363
9463
32666
56456
75724
58833
93328
35355
64421
52889
42217
74920
91764
49964
13814
47138
96909
32773
7790
2889
33749
75172
16846
48582
33329
45758
37634
13731
1533
12180
78937
19469
36201
28099
28270
40154
21372
55920
63161
35456
58000
2759
96592
18700
20294
24496
27427
18747
84719
83409
26133
87318
64743
28494
23680
1420
98586
4454
87262
11418
79488
85259
60284
89295
88438
71227
16079
38776
87843
84803
24872
39236
61271
49505
61773
8705
39183
38954
89902
87778
33492
38472
37210
65863
14802
70420
48215
93971
5372
96276
32510
54102
28095
23378
50834
84326
47228
12326
76395
90738
60117
2255
44288
12762
50844
45457
55048
46639
96495
70324
29712
73432
24649
72114
23277
82525
56751
64755
91002
29338
36166
13696
67730
16859
32008
9784
64286
44603
30247
37190
6927
25729
72131
34607
45967
33310
76617
48252
37891
114
88300
27669
61624
62786
25228
20855
64124
10910
62030
83969
43010
74228
72953
32665
64711
57127
76664
27038
85442
8557
70128
274
89296
97626
12345
12211
82823
50400
20461
33432
88721
91812
70487
42854
62576
28075
52820
52422
16079
99642
18761
56170
67756
32484
68416
37714
57941
16370
72611
60239
58595
42800
91907
6041
80538
42401
54309
28921
30755
71834
79918
32042
658
13643
95585
86265
72555
68980
65514
59604
16012
42767
74813
37072
8430
43623
42128
72051
54855
46737
4811
25242
896
96903
15463
15313
29609
61029
12229
26559
8278
74726
76888
93225
4268
65909
74574
7535
20476
79911
76840
79093
10340
75171
5870
6974
20029
6368
1740
12657
71094
62722
6967
21887
40744
83186
82958
76616
18888
27406
21531
4393
21151
41541
91323
71826
15327
21460
63706
1264
75062
42295
95705
35335
9029
92983
8494
92731
26482
27185
89176
70387
90754
17821
60835
12214
81157
81503
11282
82531
30680
21251
44432
53605
32007
21132
19917
40983
7569
14857
76320
97742
20722
41856
91338
9380
64601
98991
18197
14722
2780
93819
51822
15063
51645
6199
20538
23695
88155
69024
69489
51035
38723
86019
504
16769
54980
14768
59795
29727
10439
56531
19655
78674
58433
10908
83232
32723
76134
73047
52503
58830
82108
73827
38721
25576
55540
89343
61890
77449
4137
75022
81245
31856
24689
11813
22240
72316
75333
87177
17213
85582
31853
71941
56674
17899
31612
95631
56083
6159
18270
67480
79015
73408
87968
38113
21757
64979
3431
47728
56702
41466
86263
60659
52263
37816
19687
43293
35621
44017
94092
2576
41238
62160
5945
65741
92871
47118
77002
48363
99734
43626
95215
27508
8483
91257
91313
9466
41857
80592
55786
57472
72108
8835
69827
23771
22749
1181
70773
12584
65682
35444
97670
85709
82447
31757
65825
10932
88095
46609
547
44884
74114
41054
19746
36642
12870
76595
92674
36094
80172
29091
17797
92000
94876
958
56643
28651
44841
55007
32446
97189
67080
89454
52496
7880
76617
22956
41333
63026
93363
60957
78273
26699
99181
70212
17213
87104
68418
97030
29288
90158
54275
26612
49637
48704
80726
95782
28417
60837
85053
39489
83157
2898
79657
72652
24648
97989
53416
83220
81791
99208
12677
39773
82163
68323
69862
97557
54542
75231
23712
20535
7228
91305
39352
23846
1715
600
28646
81012
85132
6894
51711
33307
66811
71699
9010
84870
24477
78570
70092
66492
3757
82493
89841
3416
31043
69569
95997
28081
94244
21887
92751
37419
58532
55211
14388
6137
74929
72990
80209
32343
8424
59204
47402
9976
59272
14686
32057
93637
76240
26819
70169
45792
63780
50885
20276
33719
66454
72831
67276
74158
73413
17875
73013
7299
23332
67107
33366
18578
5917
45125
43888
16676
49959
45745
46408
19193
59865
69971
27600
93652
12726
60638
67134
50813
56154
31544
87836
89709
53533
5370
43185
49394
7731
94344
88517
31075
56981
80321
21453
16114
77316
76859
44375
20343
44816
84881
97152
93183
7884
85596
31895
91258
94886
49664
53132
30522
35672
79937
26629
48328
6895
46599
67947
87470
20477
18204
57897
47899
62187
39807
96193
38634
53014
60316
96894
2331
49863
65145
49640
78046
24091
27437
19217
13912
56463
51306
32655
40755
65377
44005
7826
70161
41506
20367
10457
85994
96523
12528
87462
57152
46135
30688
13699
11070
38399
96543
6521
72500
7138
50025
7897
90111
77220
12121
7427
44659
73619
71779
81234
56817
89321
53321
51486
90154
48569
12247
29234
75348
61345
1972
89265
65412
2619
51784
39843
68496
65623
97177
92498
94813
32225
7748
7416
97273
75488
64932
88538
81606
59563
52143
29131
11075
30313
33250
63363
33338
96397
11817
62352
12535
85022
83178
24170
58433
19174
14149
46450
6226
3845
11101
37550
15552
27637
66067
17592
25353
83090
2723
84280
22393
84186
79332
70030
55563
12681
44107
96731
55553
56294
79950
42390
24
11242
20185
69917
98109
9200
64609
32486
54910
94494
76106
62201
16544
21189
92043
69169
89435
61708
41825
26670
73666
18682
22197
94728
49572
10015
45322
39194
9169
53434
41095
36366
29602
11308
64844
14189
44456
69094
34296
70252
80631
11515
95549
24091
93382
29385
96836
6678
50219
37012
30957
63575
85550
5180
92533
49828
72253
17931
84597
24508
33809
42742
563
10685
51220
63135
2222
72678
2577
60377
12179
76575
10007
46630
40014
42292
58649
45788
65481
65880
95368
90169
9140
89278
11122
51376
31120
21428
60212
51819
12065
69392
72072
9768
86815
21075
66841
55263
21017
32154
94639
16824
43605
8997
80283
19588
73977
46627
70142
54406
11684
76207
45855
74340
88599
50
90881
50158
18754
43814
70109
69600
19454
35347
10255
96570
18745
27532
49286
15855
8964
18527
56843
76593
53831
86971
14432
13419
7456
51981
84090
68068
57599
88205
87313
56190
62683
74709
62225
24236
12286
33151
66255
19478
4242
15474
44076
52592
97964
34259
86082
66700
73249
89915
61401
39354
96560
38047
21253
34689
72681
57621
33380
91802
38615
25971
26377
82387
38767
80190
93920
95771
5656
46174
33211
12693
58824
46287
69399
10543
26087
54611
48312
2223
85916
54714
63503
48416
27477
69068
20467
98752
25749
71515
30781
11215
33144
64598
72038
71110
96168
2114
45575
81004
15926
63881
13381
21279
84665
44532
97952
87273
47018
1031
84462
93482
54280
14659
73294
97860
2780
62360
92813
40008
73285
59640
97164
5873
17404
32618
41987
28549
69050
350
52113
9885
94317
223
69617
813
31465
69002
98054
9657
14233
99996
39264
17177
16334
32894
52844
64663
2721
96921
55153
47153
24104
20309
14724
87679
45202
39439
93963
90414
54338
89581
33245
70703
62244
35795
72811
38172
61317
7354
60333
65470
83069
31957
97552
9652
61163
27036
38122
65830
80138
94616
60559
23433
65867
83479
5205
64249
52723
27788
82103
88433
44627
44876
27941
79711
72352
76528
14494
24288
37868
87925
88454
79267
28007
96279
53103
45896
74349
87245
85968
40522
33991
91367
23420
71900
66747
35070
33123
27298
88316
51155
38287
41860
86093
32251
53906
75760
94548
37381
44435
51896
40478
16551
14839
13264
84956
1184
2485
43553
8388
19285
46067
57186
7894
33341
69535
5666
2082
66285
33985
66010
67273
76230
78486
73978
61401
64237
92047
39924
27040
51032
33237
38296
3383
38378
41388
93211
18540
78693
63910
91922
78092
12596
57920
45682
13657
98149
11212
83154
6043
47921
67517
5424
51619
10348
34110
53603
97617
80447
95951
40131
32370
1570
59936
73101
79852
24682
5206
59279
14382
24565
21075
5960
81008
33356
72818
54412
79814
41030
47363
68355
48289
29687
95882
69810
54898
53929
8357
61585
99117
53143
26356
792
98451
83183
24598
90992
31347
84688
69320
41932
96390
63241
92014
5290
42820
42551
813
32452
25162
66047
88606
16081
35627
64524
86903
71049
71954
77919
57560
82318
5497
17801
10622
97428
24598
83854
85916
69474
41688
2379
38407
62811
69043
37783
22944
18199
87765
39039
82692
36678
57297
22276
7360
82218
38675
57917
42290
22009
33720
26232
97532
20237
74487
28677
27206
76301
32568
94052
23809
51627
56205
98320
99513
60609
84673
24817
7114
10648
34040
27618
86949
63893
96144
24998
12943
58980
43520
42211
50859
74928
86999
43193
34918
41328
89854
39376
15134
99041
2593
40418
27019
93864
45907
16469
87779
41951
35753
74475
28650
40272
14212
12088
31758
7962
22500
1892
51670
35164
28381
75933
66753
84790
99256
25975
23539
39627
94319
8414
8470
12278
34415
44465
5708
38681
96636
35998
77159
57276
72182
75334
31406
35387
20633
13326
31948
41936
51562
64223
31951
81403
65263
68103
12669
97705
88395
2044
45742
28728
47464
29790
95797
42267
33320
6261
29058
12410
23230
8105
96148
1711
43568
44360
12809
98988
75841
12343
70969
25182
31465
3037
74387
60421
46626
27550
8079
64288
77550
31601
18747
58282
8641
88549
4682
14518
21178
13125
87865
47980
8680
17832
68499
40952
66516
41848
42708
37761
27981
18357
97871
35513
66819
10350
86870
62285
37036
37236
22452
78038
74868
35021
25994
55508
44885
41346
11149
98429
72471
73319
82139
32661
68296
70884
78952
62145
16912
11362
7221
16081
71207
61857
49277
26315
67241
25341
64679
64662
49832
53561
53475
38716
78293
45294
73491
91689
63823
22020
74158
76908
75334
74737
33703
80827
38861
5441
63951
49762
47206
44681
77584
35017
91093
12670
96348
8677
20890
5543
15577
18068
48784
30690
30282
40725
5355
85471
71162
73682
71582
72153
95072
41007
17587
68597
23786
31704
92795
28977
27370
86481
28700
71735
3995
36339
35050
23024
16765
58522
93007
23031
9912
56128
74751
69862
41667
86487
47950
71098
39195
60419
55704
96638
2129
9550
97773
78133
55627
72125
77313
80078
81234
79065
18834
75550
34468
31516
7726
95622
91697
48731
49445
85620
55710
30823
97344
93710
89317
24826
52130
37664
39387
4410
93052
44249
59921
73760
61189
32287
42067
84287
78586
15254
11443
9239
53467
32188
58674
55728
91426
76699
27773
6277
5206
83053
98777
72752
91586
45577
66025
14341
22885
93041
31497
18251
82719
13204
3859
66891
60926
24398
18149
18501
10903
20759
68492
9575
64166
75689
76792
46860
91513
74096
4055
94350
97975
58189
47795
76379
39570
13832
58921
11790
53928
94922
54588
66122
3945
81733
99651
58852
43899
95895
78717
90948
30828
49406
83199
64362
20488
88012
93358
49516
6827
324
44015
19489
86658
3200
24417
10289
57120
81187
77689
85468
82484
53266
33378
80299
99020
63642
27772
75842
61887
44991
41011
6433
76360
82383
7421
35492
97269
13975
36108
44016
25087
40628
12501
63708
74916
80760
38369
52444
45454
99010
7792
53582
69070
57739
9586
2648
81198
88884
92939
44975
7565
60370
32266
6136
31099
16071
79782
13336
66906
1200
99833
401
43308
46057
37713
41628
59696
70235
87546
50434
67839
86647
88693
47636
2284
30153
98281
51137
67604
9119
58579
63909
75539
79878
2309
40372
13397
73859
16393
92622
16644
65052
15217
57441
13207
51527
58178
82603
4774
38880
83108
6734
51257
55736
17082
804
28587
1909
69230
11336
37149
28286
6309
95477
48386
74221
61160
66338
90526
42961
26575
73317
90858
78579
42693
26633
11613
18892
94718
37850
39283
38020
99579
88954
13058
59520
75093
61314
7094
16439
53242
52922
13436
58169
20401
87313
7681
55649
41622
70870
17835
36232
53581
86504
58343
87457
91287
21208
35881
5004
47424
12580
81253
24253
49947
65095
12627
67171
83529
30823
89349
56648
73522
71183
72672
98960
97259
16485
70040
11652
86889
18200
2909
78984
40321
45259
4596
49929
62466
10138
24298
54787
17632
23122
86141
5635
85756
63806
28043
63097
80087
27798
24122
97353
2011
53522
76577
44825
79892
59119
48150
63648
63134
22705
94731
20805
20083
20534
49101
1746
18986
97133
1494
19295
54891
79057
20374
12869
22210
59630
57733
71266
22577
75895
87185
82725
40740
70958
30295
14478
17384
85031
36807
50677
97112
46661
97843
72372
32255
42032
87616
46111
78739
24649
48854
98787
28939
90345
59875
95505
88266
83268
47141
4520
17145
17335
36102
28732
28176
94636
65304
6737
49369
77356
23948
38093
38758
23002
11503
67269
63050
24091
59457
68617
33601
2892
99928
10787
26675
99452
13606
43123
1733
56823
40381
38889
71500
51288
90011
50579
70566
37326
47327
81097
15503
77175
26690
51253
48782
3068
93846
48803
11224
16555
39782
77191
93282
63823
60840
83153
74128
38482
72099
31530
69371
54061
56901
12912
73131
97247
34413
15151
98292
19927
9241
63297
89935
53147
52364
34208
11266
29363
51049
81821
78806
80662
56879
67035
54168
40157
55695
72143
83436
11305
80989
93946
11987
85662
93143
51949
92532
83411
50953
18451
47211
62973
8986
75882
40783
96134
84549
33399
71267
33307
51484
89528
86814
89916
34448
10567
93175
69372
96998
5481
24813
683
39557
17202
14534
9475
49201
17500
11428
60059
72210
88046
65006
3137
12478
93772
14602
38833
94106
6343
97408
57990
64883
15298
15980
55968
58890
72360
86592
22712
81054
50425
23527
405
24257
62926
1208
65770
80484
81521
75990
37936
61475
10504
42534
34733
1519
24827
45861
403
75216
55326
69481
5926
26494
9497
72474
79496
71588
49089
53931
59187
8385
6832
81867
72408
37256
13736
35544
37493
74372
25739
75064
51623
17545
83839
70176
76221
6703
15417
91416
56096
6416
86098
91041
11808
26247
41293
78625
26084
86194
34468
26774
4583
29139
25223
26119
28913
79965
44434
45517
35522
51883
65971
43394
47924
4501
94952
19177
61711
65331
80985
89976
31882
36629
91560
27005
40260
22910
35480
88642
27099
30916
9191
42622
55460
13497
49854
78538
39551
51581
18193
73636
8917
94324
1438
89839
99241
6497
22067
48002
57466
4318
61612
46585
24083
96204
60454
66252
8594
83248
34286
29343
5571
15800
55878
63739
8160
47086
86776
54322
63490
72614
7752
52046
80177
94961
89083
50601
41951
7542
62181
33680
3409
48107
2589
42088
43999
32949
11063
9215
34558
46189
84197
65869
27073
25017
99010
21005
12810
51389
96908
83582
6568
33428
41604
2622
5492
35670
42885
67445
39791
96289
83499
28151
79621
51574
59979
67604
87537
73168
49892
80484
9098
11976
47766
92415
75596
34146
69877
82757
52326
29155
14099
58315
3420
67774
75192
62067
59999
88604
58179
90923
72230
95818
2877
39614
97851
57942
31182
84004
29840
7692
55366
66402
94105
56334
40438
47946
54435
52464
96514
48643
46413
34807
88196
4380
24603
51326
87097
32012
48033
42850
60971
8595
47854
18422
88267
38877
18016
81688
10507
6376
44915
2920
86519
77661
45172
69628
92358
56922
12060
90225
18646
68467
80577
69856
53108
78467
8733
25213
228
54111
38383
56089
82251
98253
42739
45389
86152
90701
89707
16457
69735
13505
50266
36849
16687
36902
59348
21021
35192
95025
93000
50951
27627
86036
60120
3309
19878
90071
19608
44560
28019
10141
24547
31259
57316
6146
63837
31792
73992
10151
18692
67971
63684
82340
76518
60113
92197
91312
47890
47639
13945
79872
13721
48711
31382
8008
89151
17077
94744
48464
28336
52018
45615
47098
9981
18211
50080
50195
37346
36272
37664
43940
58419
11935
60778
47470
62047
82014
16060
50221
34021
68724
23772
86748
63502
50413
44351
97741
74585
76390
22207
34670
20471
76302
86065
27295
18360
40371
2394
48225
22097
75822
73903
76782
26523
76953
98614
85595
72611
81561
56662
47698
75679
24802
71798
89322
30318
43082
2425
94139
55151
25202
53099
98435
28132
55723
61517
3459
28825
46402
8363
71182
47930
5573
17746
62734
46326
52436
64524
25000
45979
43505
81458
30155
13273
41837
63935
25371
51718
26151
2895
55500
55391
6607
37647
80199
87141
86727
9401
18831
36242
86861
13658
21356
79070
23581
94969
81547
13345
21511
1147
80027
61556
19372
15657
68935
42439
20395
16696
87506
90700
28745
69385
28364
64669
8244
43541
58073
19147
97429
63631
32262
36453
15863
39839
35606
2511
609
99531
20013
86790
18930
36990
10546
35015
13496
25919
97919
11788
49802
94013
38888
36597
51962
41800
41362
41173
32708
98999
19807
38755
46147
50787
68309
36532
17735
33665
13579
41391
34914
96017
78312
6074
13986
42001
6430
37927
94063
29046
76119
45669
47306
69053
53959
30949
36164
91263
24060
40916
92963
60837
59766
85657
44937
11314
92337
90036
58684
41414
70939
93373
32032
47076
1360
32316
18417
8128
97029
42386
29135
25671
75274
91913
22234
11034
84157
18384
53258
60059
50811
71745
32751
7530
899
81758
8130
45706
10611
57261
63450
8199
17582
94023
9563
65864
35157
14840
19317
54890
85637
90643
47694
58951
92452
94595
65156
97043
48643
22501
23982
26576
9600
72341
71998
57283
41715
13309
25866
85705
95400
90498
16972
2284
60864
5189
26956
93486
8134
82684
37052
59944
8970
89729
25672
98257
87646
91782
62044
48851
50023
46743
60193
95247
95891
16224
77231
11093
28256
38031
62628
90486
35070
44281
91043
64400
33821
28380
40294
1436
37502
61103
8161
14647
21636
31089
96989
47867
46368
38291
33429
94727
15069
280
32147
11489
31477
40758
56984
20821
51067
17250
80780
67852
9182
10647
95975
82062
48393
43144
82081
19040
60598
13070
93274
4627
5611
35208
89585
80657
67254
53441
98565
56261
60446
48884
60789
1645
8327
1154
82209
82255
67167
73018
89101
20426
88593
79385
57254
88886
73646
70451
66022
85897
91234
5784
10017
15348
4706
21242
86460
96793
74655
93808
64590
60174
83427
90812
35037
37929
57433
49473
31685
53174
47030
70250
16317
16837
60548
23295
17206
88903
38997
61065
16817
29318
1043
2172
90927
62675
84045
1645
11703
7420
56239
50975
40679
75137
77624
57685
54062
28363
42657
38632
62430
96420
46548
23846
9641
87920
78785
8437
61651
5877
62430
8928
24936
66771
25829
77390
66356
48441
14534
1798
41533
43356
25583
74294
77214
73588
73704
40361
94583
31721
79579
51406
5112
47960
4009
30827
58306
47899
38626
29387
71569
57625
3728
89539
26412
33322
96911
60333
72387
41014
82335
4639
40331
88781
9780
18631
29938
18547
5118
39822
3143
97467
79348
54433
84455
9956
62069
27456
42100
40585
77078
69493
99755
55325
42688
23330
7623
34072
97477
134
83741
80865
23340
20292
21676
39933
62027
17125
49114
75434
98817
43045
13400
30703
17523
77219
64654
68828
14724
71373
4901
10562
97931
86124
72484
27841
82347
64046
35075
21604
43924
57669
71688
11130
82643
80694
34378
88792
99229
78941
93691
48883
90980
23889
88408
82103
27928
16137
19782
38321
79281
48721
53211
99382
21853
20928
16166
71033
77205
12126
10193
98421
92210
22064
86955
33181
99009
59227
73517
31779
64593
12024
70459
44561
67732
68966
87904
62860
21495
63439
29199
27573
93334
6277
79697
66757
61489
35085
9012
22079
86445
53078
49100
44390
69203
52194
67641
87189
14353
15344
16477
3443
15228
70852
98211
55983
30872
28527
60597
84623
30111
61250
97969
34182
36735
8578
11717
36745
21563
69560
57689
58785
52161
20861
87407
69179
29025
43190
72124
57693
8208
64200
83979
35153
34743
29191
96904
76329
88590
92334
61444
24442
75470
80582
2261
62269
78568
20052
84863
68949
23966
30359
98981
23907
2574
86264
9993
89705
34401
17942
36969
4165
57200
71278
26116
38791
70840
77847
1817
35259
71196
90545
93945
14708
62917
25331
59765
65547
49117
12147
41493
54702
57862
98778
26453
74466
80258
70284
5797
32568
63007
43603
59844
16576
19517
72022
33393
15440
97918
47424
2713
60732
71836
19590
77421
58093
296
61283
25102
15388
36845
95460
54263
38262
54785
66664
42108
56061
95363
82501
47596
61498
38819
73093
7423
95964
44387
16463
72757
89080
4667
56073
8000
65820
12219
93049
39304
67495
41800
70117
10231
93887
10363
76863
74670
63003
88731
96662
33045
2192
3839
84467
96796
29794
88458
11604
48304
59998
6548
38848
48635
65275
6667
82248
33887
60525
33338
17535
32419
30976
56816
28413
29862
11931
65402
41635
6581
42603
1261
7474
73126
58568
10653
78072
33213
57767
22539
8101
10912
73547
65719
52272
88966
14870
83983
62462
18548
88597
11194
93566
77269
1703
23775
11649
71864
52261
96789
60591
4767
57243
51596
84111
49628
32432
98019
18936
9859
35178
42019
71829
66413
4246
51076
68300
56240
82674
43768
14036
61283
89348
97517
41450
29324
12893
48995
23212
92679
37545
95416
22210
98445
74788
91717
13146
14909
66871
78615
54775
32731
48685
69545
13815
36624
3060
70722
41606
83533
21161
7855
82859
86673
84469
85490
52164
71301
17753
10537
48395
37727
23440
70215
89762
39807
96989
66460
42968
63068
40134
73808
88792
65591
34277
5798
13373
26923
9853
46161
39592
35538
49153
25357
16137
33745
89849
470
63227
30454
54419
27045
33408
86819
16657
95131
83441
77557
30666
38616
69040
31600
89952
16877
68046
59753
54722
10846
9607
84158
83953
71771
37023
94603
35517
10266
60148
70131
52388
15712
59586
20854
35899
51595
89377
24567
18034
81092
87490
55447
83904
39026
44146
28061
62850
81235
96839
8870
2007
10490
17916
79557
59720
99274
35654
71768
7855
4048
82998
31226
11814
93093
99489
10681
65017
90546
21348
35795
90593
72984
82333
35811
87244
41681
13651
81727
88464
33651
75086
28715
24775
27608
71495
16640
27110
47212
8858
42796
86193
63243
22374
84352
87502
48831
65367
14500
74349
47387
82293
25947
52616
71622
1701
48102
39871
63819
75750
20255
78860
12473
61705
61972
80772
38508
87844
64129
37243
35419
71258
9212
41676
72062
58294
17913
90288
44210
39714
10557
91171
91579
52114
66498
95704
80726
14764
62425
80812
91023
66726
71339
52847
30854
62985
8015
14287
54271
60268
13856
32970
44491
73352
84334
80257
79983
10869
55563
59284
1304
5964
83053
27392
52412
41646
65365
27847
78890
33256
88072
85120
27316
71202
89377
85297
4968
45972
77698
58590
27103
74381
63674
4437
262
21145
4314
51389
64351
63048
95355
23699
43696
74368
89439
94506
37844
21659
62317
41492
16554
43609
97059
85070
70263
57396
7124
81460
7238
76845
73136
63377
81679
49613
25370
69655
83276
20775
64167
81717
17974
8378
73912
89651
62204
32877
52694
43523
78354
76866
49384
6603
37981
64076
72662
16350
11067
37372
12358
76276
44556
84296
92496
47211
71492
5709
57571
80063
63256
48146
78809
33769
61722
23756
55582
51987
5602
23020
78614
29917
95787
84923
16268
88734
28226
26867
82947
89252
59663
52297
49535
58700
61509
47909
59775
74963
60203
54238
23656
51094
58582
43553
69094
89647
82123
67184
46597
31096
96341
40779
98097
3565
97203
20436
20753
92094
85112
85271
79312
84859
94822
82695
46455
21012
68597
11537
79590
60251
27983
15094
74667
17748
20761
31311
72845
59719
93963
518
34237
34728
71277
62474
34425
23689
93725
83963
84116
27610
16197
45787
20016
76247
39243
83697
65917
33135
95459
21684
16962
92886
2867
57999
57217
15148
43899
64388
80893
16310
27881
37230
50985
44808
47389
95636
95553
98798
44386
56018
11535
5997
60753
25257
18719
74664
59655
45301
82381
41952
69094
90880
2101
91310
17098
69010
46403
84116
99175
94029
98110
52393
42968
15156
63695
29255
12502
54891
91393
51627
24974
76076
37502
55824
36735
32990
18015
731
91912
77619
83630
95621
17084
86063
60191
80038
88473
42021
3714
1734
94313
64390
29445
65282
64365
94250
87742
78797
41010
62835
76097
9082
21886
46576
96231
66576
12755
77891
87965
80627
91091
21138
97427
92893
95818
41960
66174
92100
26698
95267
59940
36910
58055
32160
90957
65323
45861
79341
26191
68788
34603
75916
15344
17178
50969
61924
17068
56729
5052
594
49637
67287
6590
81967
43177
57429
43714
99458
24539
96482
64725
12829
23088
30951
49634
11197
45854
9582
57488
67887
33954
46023
87981
35308
78628
80982
1371
62501
44903
66807
99469
30587
23638
86584
82227
92098
8586
37115
59439
68990
74103
50569
15111
11134
11283
3118
93245
42152
65526
60542
98123
22723
6948
40557
79585
42799
56537
29556
4390
13661
85579
77456
98424
68342
3648
8531
81335
94652
51323
28376
5136
18914
17798
77583
51355
30467
10688
81205
37519
87102
15579
69791
33080
69823
96257
2518
87315
61658
3041
5895
27319
9740
76302
52506
92880
92446
54959
43464
36861
54141
25680
25498
34643
88886
77456
69028
14254
51464
58406
57096
39997
49174
66874
86713
56714
21047
47294
63927
29254
42524
2781
81871
92293
3055
81052
7037
59321
91725
38007
63238
26465
91716
34228
94940
46719
28245
73593
12129
43247
36627
50394
67336
76599
17177
31556
92180
80013
21901
63957
25511
29391
74281
63348
98171
20140
57914
10991
450
81724
22379
56909
47417
72615
45422
4484
74654
63263
59387
30197
42274
32761
96819
74374
98695
76101
35233
24095
57247
43200
24286
97793
68522
8342
59935
32570
29246
99226
29615
69878
54528
98529
90107
32995
54467
67688
55456
90565
98395
32540
66150
4512
20456
13562
82774
67742
18737
79602
97400
47319
26837
53329
84255
62157
91553
99075
17496
40800
73242
79303
68450
24473
96506
74617
57236
3350
17943
24062
74414
99853
45046
57400
7187
41819
35715
59103
1595
476
31384
25005
67306
3449
28437
46881
84763
71371
72352
87632
5854
68199
66950
90360
48714
99951
27136
98276
74850
44339
67684
49221
2551
44650
12927
48506
54346
55227
32576
16866
58266
83050
57485
56480
22777
30134
5787
77363
83426
4885
54642
78848
75664
37020
25744
86463
22703
311
13753
3180
39923
20153
76007
45847
48033
18843
19117
2552
56052
30458
63496
64718
22148
99342
40380
58944
25462
61486
77574
27907
85272
96436
59936
87081
45215
28895
8520
14612
99720
53786
8343
15356
77441
56335
28891
36919
12187
99562
23766
5485
25684
55625
66299
92250
18488
64543
76466
17531
15468
14115
21121
48866
40496
48212
24352
51928
1319
27120
7644
8581
50079
83256
90609
25161
47535
38322
22174
15815
99763
73841
79414
60734
54954
76027
66624
7134
44918
8070
70765
2063
30985
98166
81079
20413
67212
70007
60430
78950
25182
83939
63885
7771
34111
1652
36035
84253
77612
34975
82745
21401
54180
90274
5307
42424
52284
73926
5360
66460
12966
81475
17493
76527
52915
53354
3119
40136
99209
43384
43950
5396
43289
12831
6364
1054
56163
32373
8954
27565
19478
47119
14730
38137
17784
35684
86713
73608
6188
73337
91092
33093
14553
91355
5620
33543
74502
9994
92623
35639
58704
10836
25748
90925
3278
5793
17491
95622
43608
54691
80618
20272
31471
81073
70689
21170
17101
36774
99238
29480
73650
69811
77540
57017
13502
57260
49440
53839
95962
75045
98377
2137
54096
89943
68529
33325
74822
75626
22908
10835
50843
74165
72258
29773
85591
47189
47804
46432
73092
86791
58143
65605
93503
85222
66004
81679
62038
94609
44140
90724
44108
43136
21257
65054
2719
12536
8689
9242
75507
23222
6428
97070
88298
18046
23154
22656
99625
83387
9074
85741
36405
97189
92661
71139
24805
47550
32799
75345
42293
22592
46361
79559
16984
32608
47928
67625
78598
88853
43127
39897
21711
29847
49982
79565
76436
55696
83702
86674
94277
3686
29499
6895
47629
74282
45312
47051
10222
95666
81703
87440
32814
97088
79769
72232
53490
46547
9531
83485
85203
96704
41064
81814
4483
74424
98554
27270
24758
43986
33477
77716
75300
71746
67283
98769
22549
20913
96220
9347
64406
9121
21392
29899
58
68570
65618
96628
28011
58817
65373
54276
53198
95627
80857
42536
90421
75825
50126
46691
35810
97719
24306
91782
40623
99396
60013
21418
62403
63107
12431
17291
87372
62926
67890
83514
14907
65018
78318
41104
70049
25098
11624
52238
63202
66048
11817
21355
47551
60149
70618
743
34180
85029
48325
61954
12476
70174
45859
81169
89126
1733
22227
26631
2877
7341
72001
29282
94163
99827
26003
63960
8851
18920
15002
67810
93538
73447
41026
75028
96209
53012
33832
52594
20511
47799
31053
80368
94526
87862
9763
30720
5617
89167
14442
67816
21803
72657
71755
4753
67056
4718
56094
27912
43033
92698
71467
22225
92988
57510
45153
8504
84915
96829
86390
34512
50497
47068
49457
45190
54001
50017
54629
94241
80982
30948
62781
49226
30531
98985
69853
85378
66745
87650
85867
59566
35217
63769
89917
5113
78548
46294
7268
90647
91255
93100
37675
41714
38891
33441
75016
32582
28821
46512
97515
17468
60794
12443
75137
85387
4321
91039
36100
90852
46828
15727
58021
33888
31653
25422
869
37090
58180
95389
78661
94954
47759
69698
74779
51216
88507
42498
41787
93683
59726
83066
90826
42801
2344
50501
67903
50199
45693
97918
34854
16470
22838
23110
21242
83680
6852
82941
90162
57365
78570
52072
65660
65282
92782
73150
2434
65676
44227
15209
39477
76576
47403
29782
68504
9404
34898
70120
65292
55157
47804
17899
77462
89468
38754
43927
35770
34049
33213
14632
57639
36331
97876
44472
41442
6569
46378
85924
7964
82245
71999
43338
31503
73262
34621
94681
17219
78299
44947
6100
23651
52573
82828
28213
99705
50373
58499
70183
3967
61885
75653
57865
846
13165
83485
95729
82855
559
11185
68715
51219
86413
62849
39858
98061
91634
13352
22239
72561
82468
86463
29710
80781
63801
15334
39839
64239
59351
82448
34670
25880
80325
11236
20106
23716
58427
34769
63154
32230
46520
98298
27727
79518
70857
61877
34357
4193
52446
56907
16920
40233
1948
16155
342
30250
32457
40665
77281
88035
27552
88929
18876
79812
48236
73798
14950
70266
61655
30834
2389
84202
26970
78153
6964
67594
79291
22267
93453
92852
11291
77059
91711
42240
63928
53717
42178
20711
2640
48318
83360
94819
73463
731
85900
27884
4679
23584
23160
83288
43964
3280
56566
97520
98399
56402
5508
82530
75308
84286
66200
2971
5570
6177
41660
88080
67848
67089
45843
80218
22162
10322
48993
92518
4249
76604
38355
46605
28386
41868
78702
88036
95644
33948
70470
31872
6992
74796
19810
73704
36235
79292
54500
12525
26464
4352
42407
70938
35497
82705
95070
65542
70762
94616
67985
75697
22108
27762
1283
82435
22234
50588
79776
923
38757
77680
29697
9692
29351
37058
10972
87731
71975
58736
8512
6602
15911
91525
73723
88876
86111
20751
18358
36487
13336
3430
16807
53004
55610
59394
30064
32355
22712
56973
24857
63208
14736
10069
24814
2984
38218
59768
97034
8401
68857
48165
47065
70467
88573
4618
68044
91025
36467
55417
65633
55210
78152
36663
59388
99608
16054
37157
43327
49431
34399
23171
73725
99690
96979
214
40521
45135
93197
48239
70256
21622
58481
26227
3063
7627
78814
79664
84004
48774
25985
150
9908
10533
60081
80261
76892
34643
78809
78692
80857
73379
89436
60880
33502
2398
28451
8475
69809
67731
56479
97395
39407
5364
11573
28677
93902
82902
12668
58931
4973
51966
66825
17911
73943
67259
48813
19596
22514
23648
89662
70116
86509
86138
31996
50973
69690
39285
84280
9226
53122
62375
33560
17651
97049
44596
56821
77377
16874
90487
4814
23058
62591
30084
18981
56426
81905
40494
82083
77848
1253
6008
96170
7537
16116
92426
27757
88133
42200
87914
59355
38608
42515
67502
38969
85795
11820
71231
24735
34300
69579
47019
80550
48176
85303
98447
90385
8440
36028
94958
23893
79379
74708
47398
4004
63549
70400
25317
98378
50475
66395
94157
80921
67286
90818
80196
86988
20861
45722
29063
16486
80540
95339
9648
22764
88044
71895
29399
61998
96973
18276
69304
67735
38115
90856
17221
58298
78742
52882
76800
80968
94181
99118
55878
46180
98198
65791
93007
7372
85011
96405
63716
97756
20308
53602
19095
43904
81172
90026
48501
37911
85573
16998
25433
64812
70926
38840
91052
49995
78200
52792
53349
12562
73126
49730
31631
84888
89313
89289
55768
86079
9414
64452
37578
17588
9940
15356
67728
82957
82956
99769
55721
20444
13568
78592
22810
77262
36000
28754
78078
47197
13013
52977
56489
39588
83505
16147
74349
46952
1385
1417
62407
30984
45126
45662
69744
52230
11902
83538
92619
27415
22802
2141
71630
10240
56324
84163
17785
56382
96228
96427
73540
51513
26772
62817
88359
52347
33467
45872
90035
15027
70703
49695
62771
62608
38965
48342
960
73985
73790
38445
93619
60253
86254
12640
8587
31366
10494
51185
87902
45847
7579
33210
36174
79402
47081
76130
82286
44482
37738
22031
21454
42115
6849
3218
99433
29839
34396
35583
83564
45059
32337
8143
76419
31899
22131
59781
66934
81409
4276
60162
81222
9936
32478
40760
90654
68528
2053
54081
58341
97447
37255
74412
56825
14162
15449
91811
69519
50653
97403
92554
96425
36408
42416
63878
20616
57206
74644
8630
56189
6574
32664
6283
90636
86753
78191
10825
55029
9099
61822
33099
3917
89987
43792
15492
63509
37657
45930
70194
11515
77837
67373
18778
84886
71583
31045
40485
72785
37427
40537
9338
41233
1780
17705
76089
53181
66452
60196
30029
93171
224
5040
57779
79284
32607
9590
1481
46707
52225
64271
7142
17088
89714
32972
45427
25704
95583
76388
81801
64538
7185
51206
70679
13505
35762
93750
49126
74358
94454
90566
9658
92212
31251
10385
38801
48165
27042
21986
18352
33144
68233
50758
99642
67903
5864
33026
77599
16996
68697
11762
11071
55597
6447
79834
58584
87192
1163
17707
24614
77449
99677
91351
40446
64983
88125
73063
35829
33296
50734
23040
92877
79767
29378
22738
12056
97437
27846
82400
61607
93173
85357
54640
26361
1855
77498
73517
19676
20421
89637
4300
73097
77831
47753
32948
72358
77464
84725
46313
65434
96995
66304
54167
28661
7429
291
82372
40279
77798
4921
22873
77265
64887
17981
60653
20969
48446
86913
10396
29803
61450
91944
86319
13112
82295
19253
97490
19375
1216
19221
7912
33991
46728
56022
25764
67182
59590
79136
89392
903
31537
24777
99022
55169
83973
85825
2596
28831
47812
72525
81780
67578
19857
23046
99873
12844
13360
12911
67217
89282
90828
55414
51675
95601
65677
81281
11837
73820
85999
35200
58851
45371
68471
29247
59099
18988
33384
48825
74433
94936
2764
15406
99283
12909
62737
72207
94648
16787
58591
73844
37861
38451
86357
29091
3962
34994
68304
67073
69636
48897
51391
71499
83879
99144
47492
55038
80907
52743
42140
26451
20296
70732
34555
36833
26944
70538
35889
78093
69157
97405
44916
46774
57020
51626
40769
79365
65182
75440
80917
11454
84277
63707
69177
12369
83436
25856
63391
99445
22685
93098
25265
41551
88496
34541
75942
20264
38365
18575
10009
28863
30996
31794
37939
54254
87540
46709
72381
5030
76297
11662
47238
20025
38376
21559
60136
16070
75067
16476
58667
11084
98981
46639
48728
89198
10521
36963
89256
58309
98832
82032
51880
87272
82096
3336
66260
99890
95892
4545
42302
45902
10321
67742
58972
65399
6673
43803
36103
12377
72654
3468
60350
5606
81533
32166
19389
30541
5042
71292
9464
24702
72450
31359
20565
40769
28981
28368
70791
96561
65553
23706
56874
89173
88834
80036
11368
71677
75668
80872
8667
65183
9173
99952
41812
6423
25151
47972
99933
11648
6916
68921
12238
71278
54266
5978
88598
76589
18015
7833
79071
19645
35381
280
95115
752
23474
5080
83787
23918
88241
48314
22856
60095
84445
63863
9588
10434
18590
64132
48820
7360
21194
19758
7023
49940
27404
62823
88175
81859
95665
3947
4582
85237
63001
32651
61159
81618
82450
52503
45272
2613
13289
87827
15832
17029
37892
87113
15187
78739
60434
39787
85218
90131
2118
17629
55099
59636
45190
49867
82347
68687
93747
41856
71068
53378
13175
51286
61698
49168
82043
42935
85110
43159
40350
53298
580
27812
46288
9746
91916
52372
59973
65427
78953
23883
57132
30697
12652
18328
38282
4665
61207
24265
39682
36298
61848
56272
71189
73522
8421
43557
3107
90919
68400
20329
99234
21832
74601
18778
46516
59107
16687
93016
63080
30182
65441
82848
75880
96861
98837
59967
46798
77884
63088
85968
91753
43259
94136
51512
81225
83351
45460
59057
32578
12819
16621
57745
4651
29791
53606
38363
83322
13993
96843
48728
3093
14101
85638
95418
84212
44179
88847
56467
77446
81841
20749
41446
99355
36640
18355
302
9747
36200
1830
394
29975
59733
13196
62353
25839
33831
30201
69708
82064
93820
81967
44664
76694
5439
50975
12994
23192
36266
31977
64674
85654
64036
32567
53725
88252
9910
42454
70678
33872
88725
68865
64104
18903
75400
34059
83894
81196
96931
57584
68249
46473
72777
702
98797
44783
42945
33305
3832
53094
42712
94692
98341
82697
5689
58732
11307
70829
2772
81223
65733
54757
53588
2668
44874
3559
79113
3222
99377
57907
99435
58233
24324
81403
18994
22566
62644
58365
83142
79839
71890
82413
34491
28693
25100
67825
45274
42436
3261
81345
52818
30614
76838
35971
79246
51546
66896
10236
73627
73343
22550
56571
75081
57600
50764
40583
58693
44771
86987
9421
92617
53090
676
21865
4368
63985
88435
85395
27055
56063
19329
36189
72195
67050
61865
66877
54736
8455
40207
53824
78071
31287
38375
60833
72042
42801
95491
99376
65357
4036
12594
6791
65305
95817
22098
63392
12312
26938
54656
6998
74621
72382
75016
19136
49259
71750
48411
51013
39461
88439
42047
29317
85857
28699
62502
32012
38957
46307
79120
52528
73883
13403
85945
77053
64770
20960
10310
84165
55905
83360
84867
38586
89420
60741
61693
91594
75239
80038
62018
19467
17971
31071
23194
28316
47589
37567
25735
28730
35967
54637
57552
36925
19747
24059
99953
90400
91497
26587
557
75592
65752
6560
31943
52608
74295
8252
21692
27863
95897
55663
79400
69258
79754
27900
39324
80533
78977
30788
83513
51538
70752
42047
9574
79346
3162
12147
59684
11522
75172
35834
33027
97314
25893
70416
62504
45129
82020
65988
48405
75391
88187
90117
6659
26713
24017
74884
7350
20294
93742
87734
50377
12551
59563
29225
49456
69218
78238
90583
73084
75481
91969
61846
21697
56217
19211
67439
3881
17965
88834
20173
11379
40020
61916
26946
82513
35850
89471
49838
86772
78044
61532
24822
59446
30072
13260
66977
64549
56366
67142
45874
66701
88592
6834
97716
48179
10431
97843
51840
16096
85814
92977
88371
6418
96249
86402
11072
6520
71752
9120
14872
86029
96849
90825
51077
46884
48220
48346
44925
77883
73772
99260
99936
26404
54303
40774
31431
80572
98337
78590
7600
88830
8378
38223
40682
30677
22480
42137
63106
92294
78949
90042
43834
93839
73904
36847
48700
61383
81563
23002
25192
35764
85326
75355
96905
63109
24070
63136
85812
17303
92568
63326
41532
63397
47497
62419
45929
82761
61279
97447
78666
45732
34798
18177
74751
35553
27033
34475
78633
98623
84747
98123
1100
20370
58579
56730
14959
3503
73242
8897
83450
55983
79013
84412
1348
79717
49276
71016
42851
87824
4624
10149
52694
68239
37856
88110
87269
54499
86192
56154
11127
60757
47120
23352
80855
87353
62501
79384
3130
5761
1935
20948
36658
87245
60825
75102
18728
48288
51216
35607
36295
47663
4162
54216
28767
84944
21266
57859
5096
18332
9979
94800
81306
40872
12365
48115
96241
28433
90231
93175
43126
275
60910
17377
62402
13600
87420
64954
77386
47160
14340
17463
18408
15821
6463
71433
73424
97930
91132
28655
23446
50380
27132
71717
69737
32472
23128
57659
36315
58996
6832
25980
36140
55371
2459
83758
22249
93282
8484
242
6131
43905
80323
16063
14826
97677
13272
48057
75471
64451
89898
49733
61473
85992
3034
69501
7994
63944
90646
34082
6091
30693
22046
72855
14673
68037
56275
90433
87304
9092
52975
89366
96943
42594
53621
42634
55866
75554
66765
16482
70304
156
84729
48115
39720
53887
31219
89956
9224
58032
89377
42374
10237
69039
88044
10194
79346
79643
30337
34798
28156
62252
33127
73258
48030
55765
8602
18688
72721
58805
59801
81894
89225
7315
80887
83393
82556
82498
49874
36999
23715
16312
76629
41449
61768
36005
22188
34892
60720
16661
36786
8590
29816
91248
73458
20798
31900
1398
21671
99548
18647
58922
71178
73934
33757
28037
60113
27517
45618
31327
83346
24573
19462
28662
37188
20178
15728
17623
54776
28499
6108
56393
42806
90167
31658
15678
64767
49221
88426
24886
28402
22893
15154
89624
25885
23356
74960
22496
44002
69579
68256
47282
8639
9557
87733
7736
52947
58429
27894
36577
1801
46389
91396
17690
46502
61800
92365
5102
43142
69527
42912
46013
5664
82289
23203
91962
80357
63690
77749
72152
82388
45599
50968
46035
46927
49676
73634
48435
97534
13099
38457
89806
62703
31913
57857
76677
77777
51954
79864
72889
93966
56892
49159
30919
78754
25723
39392
84410
32729
57899
50207
7972
66715
93307
57847
18364
80050
86410
31678
12384
55946
29150
80720
11098
43125
55562
73967
7472
24214
2574
86272
95062
80916
46079
57535
89076
53522
79141
17148
37970
58088
50043
17909
63659
68424
31933
44019
61501
92023
52905
6352
37399
69171
75644
14784
58689
2664
79128
22223
47913
81953
61369
67837
54150
99968
51846
8035
95264
73502
94980
12923
76264
68731
41934
23227
53867
2323
66989
8088
35480
35538
6883
37678
71962
3819
6780
86245
27862
27626
44861
10958
90279
31570
99100
9877
8031
58406
14356
48352
36539
2040
25706
57380
633
99413
94802
49659
77427
14977
20054
69572
44488
23467
88555
91787
34696
46755
47924
9882
88543
28783
89632
11158
97011
38957
51862
16722
83783
78818
69591
76944
84206
29425
22348
51584
40236
17608
55950
71135
45573
98075
83562
71351
43207
45369
3525
16478
98835
24723
6650
78348
47897
64122
84093
18279
41436
81201
88371
26659
96532
28106
44759
11096
90794
5014
58033
88201
27146
58755
10417
26339
35156
26818
584
7101
68165
8989
30704
21792
1695
48977
8772
95865
37931
86600
96836
39062
73490
97460
2250
51868
93297
71488
78703
79990
12029
94364
76521
97680
96450
86520
57638
18024
66877
23295
69613
73743
94085
6767
55223
85569
79153
84908
59381
36911
28084
16902
83553
3350
10441
64846
29312
43368
21838
51501
67315
42773
53802
61360
65741
19451
11344
78043
13103
37327
8502
44859
74354
48879
15228
7340
26337
84025
25111
46677
28878
29913
62833
41189
1198
906
52610
99301
89846
80955
24506
92006
33943
31618
44149
75344
56325
98112
13231
34197
35018
13090
3088
97510
38501
93235
51745
72042
40339
47309
75977
16840
64009
65940
24285
33857
47145
43226
24096
81477
55902
88146
57089
27191
24802
19794
30216
43244
45145
4626
96821
14838
75966
86170
22205
74273
5532
78103
81024
96417
48469
40077
20132
90979
23904
32393
19775
5287
23348
50359
38495
7615
43576
72118
32661
55575
29385
14733
236
66702
43845
82504
10227
99061
59565
8761
44158
18574
43484
37782
94035
76712
89825
67053
32404
47329
41108
71696
94467
74603
25505
62722
89627
65423
30298
88652
90425
19014
25873
76093
30503
24204
52380
19006
80062
70455
82130
68705
57212
12623
74748
47019
76680
1390
49272
3598
33543
41409
7618
64989
68948
67420
57212
77914
67256
34956
97112
32073
89569
6702
51542
58829
57339
78210
57548
41324
61537
27354
39331
38815
87809
90791
30844
23452
16140
67629
40353
51274
74690
25650
85917
40816
1830
38605
69131
12538
97812
14495
95965
50190
28105
84177
98179
81255
74073
7278
56526
37780
13560
18093
77856
51185
53800
77987
32216
55048
32224
22826
13200
18415
46853
94023
45012
8823
77340
20025
23141
89011
10118
71425
41990
84240
86722
47323
32487
18113
53010
63201
5408
4012
98832
1261
72070
96511
42658
53041
93011
52548
33713
31104
87440
25690
15378
51671
21465
18440
17927
93305
81505
47385
26106
18113
30795
33829
97634
1375
41499
18640
92404
53127
92736
14170
8946
30954
25674
48404
14706
37080
50865
26908
99711
64813
10112
36667
79420
9533
5431
42582
21854
87577
21029
82161
76545
12791
80742
46871
38423
64925
2984
49632
88432
46694
38035
17103
14485
67034
98367
12711
31341
6907
21690
91738
85994
21035
38571
13387
56420
3977
51693
86334
25795
2241
72220
4107
41762
85430
238
34533
50891
98921
80861
63511
32164
8159
15355
57556
40116
10374
57505
1824
8249
33382
79457
90744
56351
63086
48401
96922
91573
41428
15696
20644
92437
54712
83446
27073
17364
88621
80015
11172
84906
60675
45607
91393
31540
53520
1796
22355
64692
63121
54759
34006
93639
44797
60983
50172
38940
87025
66325
12947
92304
67995
14583
41016
23073
53179
10100
79809
4961
73454
10421
59282
67250
82865
19668
61153
58338
32655
51051
11602
46349
13943
27782
57697
71455
15261
95716
56247
7629
13151
28114
2305
87739
64104
13231
51200
95204
94355
28757
42780
27890
90398
23699
19430
95465
77541
47870
40493
20149
36444
91939
34868
72599
48288
26862
840
89604
78072
60518
57615
88348
2513
61500
76571
13178
64120
35283
71884
25134
86234
76333
9983
71936
15179
61278
5201
56704
65126
92825
5006
57352
28898
51938
32381
35437
83634
66584
45191
13180
64101
59452
92785
90435
98412
94082
98623
19569
984
99186
74383
55566
95843
14249
75762
51054
99656
66052
43137
71577
28421
55348
31243
65080
4292
5722
21218
31427
29744
2494
25638
2683
65169
28568
42568
62981
92900
86239
88204
7977
75837
79226
39334
68204
21996
17589
46627
98095
47704
99671
37681
62997
91611
19861
14781
40200
69289
48698
66498
86810
73923
32753
54516
17241
22424
65686
7522
76183
18293
89039
52491
89061
52649
91562
40387
21348
93049
89258
78070
80523
16093
84824
61116
50029
24265
24805
13290
53281
50075
95536
77573
7595
91268
24803
70926
42839
39724
85183
10392
27689
63667
27152
41661
67544
77850
5263
52893
12492
89654
99148
36378
41146
40363
72520
68507
66740
70343
58053
14594
45568
24482
3711
29218
54659
79921
67022
15048
45535
22013
97777
23549
73945
16366
6754
29455
51687
24956
78339
87599
65921
92511
48290
85453
63829
85706
34382
37643
6041
2200
77317
29745
50954
79118
22030
7823
43847
21329
45389
27460
49685
38702
15312
21436
86541
28506
48445
18750
87759
64203
18783
49338
45311
55123
58024
98629
64224
22845
79922
33980
88542
99587
55558
11084
42956
91501
64176
82587
71064
65492
45140
73454
41166
12045
80543
58005
33564
8476
45151
72119
19515
57169
70598
20720
91323
1551
84149
95485
5490
28911
98836
578
56393
53658
51398
95308
6682
37180
7236
1706
62377
41220
77431
92350
95600
30520
21924
69161
85943
37444
45041
67400
72662
76409
24839
70825
84205
49166
56092
3663
39015
13325
28281
73047
92135
95972
4530
71540
35809
21869
15239
13563
49113
91383
30997
71817
31572
87207
33389
202
48792
10862
59435
78266
64338
50080
55645
88890
31386
56406
41062
45684
70141
68671
45164
19484
62547
52498
56125
74391
54551
38578
87693
12927
67954
33172
48812
47185
88859
43169
79140
58262
17767
4966
95710
79784
37578
31572
81274
43009
80075
95524
33212
50767
48882
46582
83428
5419
87494
22618
94248
2029
64636
49735
33116
12135
86035
43346
29750
25763
31647
15827
23431
89752
60404
68285
15218
78989
20795
94136
50139
63814
54860
50349
67800
91643
85653
58615
76335
83754
33775
83131
24262
59245
17275
94319
67574
37291
51045
68490
55243
36156
76758
92343
85354
82799
22476
38142
16189
70444
12244
50514
51844
53175
20302
39035
60351
46369
91988
2130
23752
9704
33969
17259
64243
25518
10138
19991
38217
49451
66319
60265
40945
2582
46868
67995
18622
94691
59330
82156
41644
16811
89500
97564
53217
17886
68537
61817
70811
85150
46263
11171
84436
80738
30283
68648
65387
48083
9324
40219
71811
90821
90942
35668
13387
44185
48735
9561
16358
4316
92246
64750
12308
54415
43929
85897
59347
28359
31871
73763
92713
82152
84421
32341
93321
1523
43403
20372
57420
59998
96335
16408
48275
55943
64841
62279
11644
99357
76418
43692
40875
89604
89777
38654
84513
23813
40162
14496
99617
2316
20379
82532
67336
52319
15693
25685
3798
73864
66335
98941
19013
23207
40047
65030
99216
87888
58886
68521
13988
75047
39500
70296
78468
29970
74097
61405
33117
25355
566
50352
38742
13476
84501
71122
22861
13188
63321
90568
55007
11645
83262
3298
73186
96612
93686
89752
31466
99449
49989
78909
89552
21085
16313
912
19190
33751
52353
36856
59406
99758
14717
73091
12803
25253
2641
45629
38539
71709
30281
16550
64117
80768
13380
58831
7720
29133
16796
38565
75613
19332
21195
74308
74991
29494
32158
22095
61648
90654
73010
81677
24011
33664
73872
44602
90280
49441
93764
8000
33843
36057
90005
59272
43613
64102
79758
96369
20570
77779
22217
85912
59540
63345
86788
77182
76138
58807
62528
83788
42778
49190
7197
16861
4812
90214
30445
3666
58091
29910
54994
53783
82633
52451
2104
41328
43582
51415
3175
56192
90272
50712
48053
39821
6957
30591
42382
61854
94670
83384
61332
12707
92637
19122
55057
84224
79853
64610
82474
85586
32624
51296
24213
94885
52315
66973
53090
78149
18997
54322
20975
17031
71354
75317
54647
74028
60939
24660
40025
89756
79762
67729
14117
50716
14186
98902
77097
87915
35250
64683
83101
66815
95775
72692
67656
7327
68001
12377
22100
28877
22001
46224
30911
50075
14747
91262
46554
85109
32460
99822
88289
69681
4753
65804
16290
18208
88073
28115
50528
60913
98100
16459
75035
34586
55979
86338
92509
3992
1669
19912
71619
72249
19196
27250
59993
97973
13195
68572
19512
74609
73928
32212
77375
43044
68800
45348
76343
2483
2422
64920
50620
56535
94395
94724
50036
81538
34249
1316
84510
32385
86324
56136
63199
7472
33923
14197
58337
78837
71662
50687
32414
56173
77720
16029
29205
94128
23545
37193
44072
71125
7615
88488
57048
64941
31929
78593
33379
25349
75211
52238
70541
97383
55157
84734
98186
80106
13552
55474
18012
15247
2748
22538
4286
87667
99716
84723
72523
85342
24770
9578
63803
10387
96080
26448
85237
54635
8206
32075
93328
53363
83136
32940
6232
8991
5706
53330
83441
32938
21764
71039
16888
88258
47095
3604
36253
28319
7839
57188
42993
17476
9057
67469
52611
88562
7074
7327
42712
38970
43358
9641
75612
92217
82979
55171
88555
55096
89015
5310
22062
81864
55838
17348
87481
16398
18797
65986
58514
20835
55584
8951
8293
14951
95454
76873
3547
44368
56467
37991
10445
67652
38047
86785
62897
2474
6410
32287
93420
99219
23795
16631
29107
16768
88934
77288
10806
59676
75813
77469
2318
98538
80556
68368
18217
36077
12126
14155
13859
324
91531
6086
49203
43243
56378
15599
59256
98248
2853
87939
38277
3269
35587
57644
72317
27397
37381
75122
35218
48584
15373
69589
96931
17493
28007
37811
79769
8304
48026
40354
38212
1128
70724
7479
30894
62666
33812
5331
99641
91834
75519
89768
69712
75301
20916
79908
37839
54248
52960
16433
20267
38103
94394
30701
91612
13635
99366
39862
57265
88476
29543
502
66915
77041
68470
98700
94918
83711
10072
27959
84363
63340
42444
8095
76041
42265
36455
28003
20949
64438
40189
53062
5538
86705
74884
24043
2587
84897
25781
88502
97424
48089
22175
47935
29139
32258
4953
74387
29511
16534
87054
48750
38554
55311
22518
99612
24913
47761
13186
76353
41772
52588
98610
73048
4506
60357
94356
30806
85018
98345
66648
85307
79474
83537
57178
93614
21145
58296
895
69720
78095
40163
11741
81832
96649
92361
46527
16072
25907
74796
95558
91036
86006
66701
90073
15576
23378
61526
61237
18196
29977
22300
33149
40632
90241
51375
83233
80442
59503
72365
57345
87869
70626
44005
84107
70758
11852
25801
93184
37984
18126
93533
5648
16606
70649
59040
31022
10910
4943
83183
75278
32504
86420
83469
36787
19811
24255
28565
43103
82576
59313
80749
60462
52431
79939
94345
90032
94073
90614
3269
50167
33301
82797
34049
32321
87904
34713
62009
9776
45341
97420
87803
72964
17172
8159
49077
62923
14342
8841
97738
75295
29747
37434
67191
11300
84874
3098
25853
59209
95881
52100
63357
150
41116
80868
84088
45390
66879
54956
89028
28823
51126
48306
11377
97927
55855
25834
33991
69305
38080
54221
57438
40719
56575
40701
6261
80596
6979
67742
58086
48059
41408
12668
55241
31842
80345
15607
11813
34778
4402
86595
60418
72095
21428
23220
92406
96350
40494
43886
32854
9610
48431
28608
57385
74349
76886
99148
1745
88553
68279
63436
36996
47634
97574
95336
83310
76021
83428
20200
13561
74674
27082
29039
54272
97260
50259
49755
25915
37384
64378
62530
77208
81977
92539
58306
58723
61882
83027
4234
50018
9626
98500
98013
1428
16533
38555
64258
76794
66570
55015
70345
86598
12697
49085
16604
82341
53006
97422
86326
42448
58553
40213
24726
17628
2540
78482
52809
19278
41398
70185
12065
28424
2304
85006
78928
74626
38809
76351
84195
84394
26509
55658
21853
26873
84055
8947
34236
90909
21323
78452
16013
12077
36167
43185
88154
30849
3966
71460
54896
3809
30023
85701
71611
8658
63900
75237
19600
80742
6880
16353
4990
93912
79033
10502
73245
51768
50706
31393
58241
86673
84792
79556
65411
73404
80731
79029
22187
51895
58987
14986
15729
19262
75586
3388
77938
95140
10335
4154
70764
86332
29442
37907
71036
76876
83548
42979
53349
47857
65516
14154
21996
87623
18867
97555
48482
87568
57356
77096
29860
31208
28939
77083
94951
75027
33280
22846
50422
88397
80919
46674
76817
66863
64374
99885
55755
58173
96703
33497
33899
43658
61420
39778
6685
98919
9164
4826
35394
17243
31168
8417
94847
16776
37294
21469
85784
68187
67323
93780
35979
73442
68142
95119
57164
98221
76651
71244
21065
10676
58428
3133
67131
7385
65583
12454
57008
13770
93742
39245
46377
30649
37719
28772
53430
61262
68199
3749
65129
93777
77617
65315
37279
33151
72454
61653
12568
73209
21255
86602
1856
74871
2966
22321
48380
69705
38559
19824
21915
39314
30389
19124
70564
30548
78398
46755
91474
54137
90004
92612
68657
80034
51410
60313
65980
86644
82056
5724
56497
43052
51082
26796
15462
3492
94913
44549
3681
71491
38454
19799
20323
47497
88912
83157
9844
8256
40838
16839
66399
78801
3805
16016
90914
48653
39952
74689
20938
52662
77678
86505
71471
83904
49858
24452
96131
31142
90247
65044
2364
36572
10082
52377
31838
50952
68414
55358
47706
22641
44330
57445
54152
94720
16975
32383
10414
40
60162
1729
91441
37948
62369
40337
90412
88351
90040
94553
54503
68928
22369
4471
94653
69494
99128
76460
12481
3875
39587
35006
43089
4131
10231
94007
21182
44548
41700
26790
39738
23566
21282
81403
85424
50624
16284
83171
2986
81911
15737
90001
62077
24088
13135
17616
74261
78269
91305
31667
35409
27909
11991
11581
49228
83713
57375
27039
21408
86263
18515
32157
635
32823
76538
74686
82696
38572
76461
38005
86959
64544
50610
82187
60688
44619
8891
27084
65993
22129
76521
25156
56637
63019
26343
4711
57502
46942
22481
25202
18198
50290
64836
75446
24111
25874
99805
62870
13159
52809
41616
87329
64537
77150
30790
66558
96977
88906
41510
81987
38336
84282
38030
43435
5761
43371
71800
29110
66284
12941
5566
43367
31335
21631
48500
48843
75536
70508
87261
71884
60033
35870
1921
50569
83717
93077
62784
93180
81866
20351
14424
41636
41064
69666
66600
89180
1683
98212
28247
84522
74782
38410
40356
65686
8995
46997
86296
5957
4737
14499
84051
21608
88081
35187
93792
86520
24636
34624
6385
22305
75026
27006
13663
84235
67832
27698
99667
43055
93328
77752
33579
70660
1897
46622
89690
73657
24717
66933
67503
83007
21097
20851
35946
190
96826
41463
79674
20797
30917
14544
82585
4941
94357
66193
43889
40567
43775
37
85502
50522
25374
4036
75987
27146
30061
81435
65938
39187
99376
72951
2423
45015
93650
28060
66001
63363
98777
52057
52827
98269
66015
2547
6482
88414
50453
34143
89429
52691
38102
93328
72363
33664
28969
46829
11243
98458
74091
86290
76406
42664
48155
89654
95917
56999
76182
35363
76221
58760
22653
59359
67109
60506
94567
16809
45193
46939
6080
60617
311
57629
1700
76963
22662
27995
37456
24490
4989
23868
75031
8219
93747
16019
52521
81869
45941
80161
57329
12994
74215
75234
41602
64169
91762
48215
88741
40468
762
37181
60647
28539
3302
96062
29726
5832
52121
44281
27095
29857
15
52380
19006
26846
51374
10795
57194
86776
67080
93080
35670
37437
24859
17170
26426
14080
91198
28686
59579
63134
18070
78824
59677
18624
37940
46017
49208
68077
93937
55357
82786
81120
8550
82678
81065
8393
63866
91210
92118
71032
39084
37903
19829
51681
26956
3802
23804
66849
29784
48232
13349
47392
17748
60141
29283
79006
17570
81559
31642
57846
87934
7938
88792
97702
29545
28064
94032
84681
72381
52228
19441
12905
80402
91540
53574
50472
14896
93533
59514
78787
1627
9628
32891
20303
54084
68554
35638
19870
15380
56486
30587
73048
94731
59441
44461
1140
90958
6399
42350
57140
15066
62624
5481
9402
46718
61849
65907
90570
85315
33247
66654
18125
85356
74556
83964
89911
97934
46204
69447
33075
75433
13017
44267
38106
34899
39799
4949
40962
17040
55045
80930
25803
22464
33048
17699
8395
54487
8831
46170
25998
48759
32631
38868
3405
23915
91044
46595
86745
44633
70517
55424
36791
48708
15485
3166
51709
53120
38277
46941
45563
20619
70807
79001
43321
37928
9092
46678
65754
29468
90823
44140
68303
6338
63482
8565
66851
29338
45909
71426
30325
46906
59771
86759
45119
54130
9027
82626
59571
7351
15290
59378
98090
20386
74874
88955
93959
63032
89360
53086
27474
80261
35687
95124
71801
51393
84036
50146
42749
12544
42198
61060
20663
72775
3659
84596
62727
64607
3276
40444
52180
82978
39218
59174
37318
83180
2760
40195
97601
27975
68530
39657
36801
96841
37001
70058
43840
96149
88272
8223
80831
38115
1627
76413
54770
88471
18862
82501
4475
18065
81054
79472
87553
31984
48222
31945
83526
91273
19245
57986
38760
86997
5423
48161
66366
74093
75251
50608
80048
23381
80237
50840
84647
4083
92026
68057
68156
66345
29608
35937
40048
53484
32060
35212
38991
37100
37063
97723
89382
34656
58319
7294
20573
38789
16069
81372
75313
60351
64024
29263
24588
63073
73359
47704
74948
46719
79779
32570
1338
17778
73243
56738
63577
71932
11567
88415
67835
975
68915
1689
15815
28323
88120
61646
43811
71897
91771
50049
91422
30927
21198
34436
55413
94074
14764
73398
78065
70312
7265
93885
91343
51089
30798
72579
