65
-988913
492471
306500
678840
760736
-911044
36326
-753894
-728359
195620
-128023
-477589
-244536
-78676
-123537
937484
104487
-733992
25040
-874803
-173328
315479
-352597
565581
-720019
-657993
379898
268712
-97995
51584
636208
421562
-300976
-81115
-862001
753097
767954
241268
410861
-381586
-511516
-508353
-224827
-912112
726046
258722
183967
-24619
646352
891496
374727
535693
378665
-72540
-305935
755407
663089
65996
-256783
503138
-903754
398028
-797398
-435637
941738
