70
201554
-356062
-562596
354992
435104
543199
-972891
-872224
-407874
705775
-717484
905894
-147400
-65839
122033
897230
704843
-151386
-127799
120184
-433687
849576
745407
-584930
114559
-818485
-249253
407255
338774
-661712
-191569
-294848
-598489
558831
534143
151582
856949
898266
226129
-567337
529130
-45190
910823
-252844
803552
283382
-842014
-611488
807526
-376792
619237
-783133
268100
-657064
-213821
965480
-953830
-486778
-40021
-800590
563062
762761
-148601
-528097
-797344
690840
-557045
-286383
647583
-283459
