75
-485143
-178503
-658079
358737
-13243
902434
356837
881896
788955
-264653
-836597
77222
170200
639170
387713
-952717
662987
375047
261509
496277
541061
826013
-84813
123634
743450
751356
299288
-849318
-751334
745097
643090
-625408
-949161
547919
-192673
-372235
-47125
563441
472473
-455440
-648703
-435084
-590449
-749852
218372
-465415
-659653
-888375
-576529
434675
-367099
28664
-791456
933152
423282
-148070
779938
-215047
-394183
-850388
-225629
305459
14405
485315
25232
-247842
380930
-148288
-139089
992946
-786467
412574
537947
322496
-459859
