80
166727
-901784
-844258
-718087
131072
-835189
991957
-814891
313136
192136
55800
-885961
-4081
338401
217148
142589
372191
-677384
-489229
579872
386297
-750175
761267
-138532
-162749
445068
-862400
361591
-295876
104864
626374
-558929
307379
416587
690422
-745701
-215128
337806
-156723
733409
948164
-954550
-778144
718319
366059
216047
-418657
-970109
19813
-604530
-762122
257329
-685054
-121960
579378
133751
45182
723518
-726840
-193216
-367123
-406766
-354989
-209479
-766112
841194
-909469
836675
-626503
947443
-989762
-66760
34832
636401
193925
-678267
-240048
120145
-183336
608609
