85
876401
672941
-424882
667771
-425632
-403355
-837094
726701
719202
924136
-231474
-842727
-485809
483848
219667
304445
-597428
739005
776076
135475
-636021
702722
-68604
137186
30403
-271754
414203
-354614
-95680
42899
197873
40979
-236308
34794
-658639
-596520
436640
-173746
46558
-750035
-21169
-602067
-389581
-298972
954452
603240
109404
568880
-17799
-847429
317824
474089
-174877
-578240
-742285
516827
-147868
-451609
246470
-657100
486994
843872
169340
402419
48056
5186
-488231
892070
387176
763898
751586
753338
-292259
-660518
-763567
-359788
-214226
463068
441947
-449440
-47817
-569602
-629258
-652900
570605
