90
-737588
606575
-628063
-877441
-917705
-990343
417869
-910477
391762
-113606
399215
-156190
-794374
-918145
260207
326891
640946
-243712
-574449
-974947
228121
768932
713012
-981965
-759086
486472
-401995
807218
-45816
272882
118952
-345199
307544
-584350
-667427
-812326
-787978
902157
-144346
600760
244335
159930
814190
441674
326678
682593
510252
807198
-590701
-226441
6737
923969
-487591
943849
622970
-783871
838726
-534677
-444051
-656763
-453788
334847
-818986
-585091
720667
615434
462961
880443
-856108
659573
466403
-578938
800091
-564762
635079
17511
747132
62945
-121134
599833
-862021
79862
38327
761720
-211918
-804582
177462
458937
67740
300840
