100
387270
588140
-297016
-12487
642738
479986
-162491
-207788
250154
-837874
650860
797678
120126
-883425
218072
-80821
-179808
138440
672373
-245228
-640866
725682
-976477
-501916
-812300
-298758
198569
146860
442784
64952
505050
-547577
740547
-330943
134204
-768952
-609103
-903601
287025
684194
-971164
-261179
-660159
492413
-777998
818135
77321
608897
-833066
-258100
-793525
790220
345232
-261036
-474109
309866
166097
-496435
654823
-6682
-853858
894815
-471841
19671
-399881
-297139
-112174
920588
-514192
263452
-853993
202149
581276
-635009
-456208
-612207
677860
-726299
197466
-628983
209433
-81397
-418103
-623638
-313137
-939732
-613177
-431617
-448756
385221
-940140
869556
541695
996061
965941
752573
-419602
238736
-404210
-401008
