848 826
624
9954
3761
9892
4040
8869
372
9795
1101
1411
2273
9812
9983
6561
5732
1243
860
6339
3277
3583
8949
9815
1376
771
5437
4818
8972
365
8958
6756
9513
8372
6918
8298
458
8971
8447
4353
1058
4292
2989
9778
9604
83
1152
7358
5808
1369
1591
3719
3096
8809
8360
8160
5281
7668
4658
3380
8264
8149
7940
6453
7641
9915
9303
3007
2186
5985
4051
5725
1604
9276
3474
91
3263
5453
1215
6837
7386
6710
4729
7535
6819
8137
5946
2734
6665
6348
6078
6003
2075
7075
8824
6620
9426
2716
227
5958
7297
5457
2887
1592
1566
4551
8858
1870
442
1816
7746
5228
9367
7342
3240
8934
8282
1377
1614
1502
4233
3626
7275
4143
9891
6518
5922
9295
6478
7930
4132
5813
895
5990
9300
8087
4886
1382
9987
8970
157
3259
5466
6321
906
7207
5555
9648
385
3300
3204
5104
6970
5764
8618
7243
9434
8564
6270
6950
2384
8170
9206
4303
1487
4363
924
4275
3763
561
8658
8802
2101
1657
3575
976
4799
1727
3071
7038
8484
1472
51
1761
7263
2781
2865
3755
4788
4900
1196
1496
3124
9537
7475
7062
3711
6977
9647
4865
7556
6206
1222
987
9652
9852
1854
3925
5989
702
3675
2941
3538
8278
7688
5408
6104
9924
7354
5147
6713
2084
9479
8846
3513
7959
4505
4802
1994
2487
918
4638
4812
9578
8285
8413
2039
8808
2637
1869
7460
9031
7425
8425
6323
7510
9723
1967
5129
9515
429
4448
98
6292
1756
2402
2093
8139
7977
7819
3205
7347
9204
6690
282
9810
2351
3339
9339
9290
869
7913
2829
7865
5693
8982
4188
5333
3269
3460
2738
3327
910
8235
2145
8769
48
2634
7871
3975
5192
7151
5615
7099
8415
7601
8232
7242
6452
3696
5621
6179
8071
2345
6262
7015
7146
1842
3600
6521
8067
9939
5750
6098
8755
4642
551
9506
7484
9826
4419
3960
2988
4166
5163
6861
6890
2756
1476
4506
2812
1028
7272
9058
6023
3257
6409
2979
1205
7155
7884
7811
9070
9581
4187
7693
5371
3817
3379
5331
1316
6191
42
1849
9128
2180
9336
9002
9693
6022
7690
8817
7137
1987
8
5738
7153
9036
8306
7345
7376
8676
885
70
3850
4149
358
7471
8978
7129
8572
9
4424
3147
4618
7213
5174
3434
8810
6955
4921
3831
8773
1446
1917
3484
654
5292
977
5001
1455
9530
1612
7946
8069
2020
7660
8178
2313
3331
1187
355
267
3701
891
2043
2957
7681
3596
4429
9875
5289
4610
3635
5934
8835
3775
2606
4301
3042
4622
5454
7507
6542
2428
153
729
6699
8926
8515
7141
8717
6005
65
6833
9607
5711
5083
2915
7171
5754
3853
5068
224
8276
315
7789
3475
9231
2462
1714
380
1055
1586
2359
6198
8238
2879
1770
5463
3375
7512
1873
2774
3666
9999
4804
785
5390
6708
4370
6791
2426
7119
3869
7063
7479
9325
8657
1587
9837
3602
3809
6413
9937
1622
7280
9929
1018
3092
5210
3871
5918
2191
7133
2921
3864
2663
173
7122
3741
1838
3449
677
5742
2596
241
7873
4849
9456
7880
1709
9241
5191
7762
1553
6210
1947
8112
4007
6520
6334
2725
5427
5382
1364
9109
6725
4240
7561
4908
3387
3628
1663
4737
4868
1046
7500
652
6113
7058
1536
8876
8467
9453
5386
329
3688
2318
1157
9118
9673
1260
8310
6432
7828
5217
7198
5263
1593
3615
1513
3270
7292
9029
4403
4148
249
6050
4488
628
6657
7405
3111
407
5014
393
4372
6441
6562
5268
7351
4861
9440
7916
9598
4088
3185
7666
9013
2616
861
8647
4490
1855
8627
3584
1754
2585
6346
6689
6019
1904
2662
6419
6311
6981
212
9780
7682
5838
1651
8953
9242
8938
1952
9681
9701
2178
298
902
2324
9550
9429
9571
5596
1457
6045
85
2259
5883
9071
1276
5049
2643
6806
947
210
9628
8885
7049
58
4262
7012
6161
4053
4446
2265
5082
9829
6140
4286
9551
7798
3134
6248
6602
5391
8878
7044
8221
3137
5646
2268
8068
2211
7428
9327
751
2826
3038
2611
4652
1178
8207
7321
218
5830
4277
757
4601
3839
5332
8987
4192
8994
8297
6267
2503
3618
8791
4938
8142
8732
6222
3685
4538
8463
8193
7267
8536
9105
6038
3450
4458
2190
2231
6545
6388
496
7001
9304
4202
4150
815
4459
1759
9184
1217
6703
8716
8797
7493
8872
6157
4253
7396
9448
1962
8523
4561
4576
2089
9822
5939
5622
208
5242
922
9247
1318
2208
8031
9582
9487
3789
7765
7927
3515
7824
1248
4042
6093
6953
3942
8123
269
6393
2599
2639
8902
4986
1322
4298
1317
5907
4077
6809
5565
9117
2196
3921
6623
5571
1432
8114
5630
1929
1119
6485
4302
7541
3737
255
6846
8171
9402
7938
2223
8918
8319
7587
7856
178
5535
7430
5416
8935
7695
2181
1311
1024
1184
6456
3194
9084
8078
9631
4872
4993
2513
9163
8691
8488
2641
3966
3859
4734
7573
2119
2012
1503
6669
7003
2219
4020
7312
9524
2307
3271
8420
1781
2993
9855
1206
3215
5588
5660
281
1029
9883
4919
2992
9380
6244
2956
9677
738
2991
8899
2104
9135
1189
7588
8941
6508
7216
1792
6359
730
4365
4049
5559
1080
2395
4102
6649
4457
463
3935
8929
5890
6040
7068
8672
4856
9076
2291
5784
3314
6428
2088
7757
1104
8132
5901
9910
6964
4444
8015
5592
1086
3525
3248
5418
7104
1412
7719
8465
1169
6457
5783
3101
5576
9995
6232
67
325
7438
3920
4342
3335
8650
2673
362
5183
1681
4093
8612
4839
9405
3489
2944
4562
6958
5031
1799
719
5632
6089
4182
7066
4154
9451
1694
5563
7498
3558
7365
8111
5737
6171
6514
2603
8076
8883
3256
7169
3206
3662
9643
9394
2096
7173
2005
6329
1385
2871
5575
6771
9153
3679
425
2932
8088
4273
391
5208
1941
5568
7229
2851
5868
9919
1239
189
5160
844
7195
1124
2070
3004
152
8516
2466
9843
1741
2055
1352
274
2863
7665
5619
2668
9280
6898
8642
4822
4426
9483
6488
4489
5661
7490
672
3122
7389
9878
4915
4795
4186
3747
2153
1474
1504
3470
940
9577
2567
5972
6842
3832
3912
186
3009
7392
2961
7889
2758
5897
9871
3127
9149
9765
529
6239
7882
3970
5982
8893
2435
9963
2451
8265
3085
2964
6418
4949
8518
8510
6678
8888
6880
2508
4651
4816
4789
2512
9769
8116
2432
5824
3504
576
5908
7324
8040
6165
8726
7965
1623
9813
3241
1718
3286
6342
3426
4855
4455
7840
4578
5323
6142
7067
3931
3296
1450
7751
2749
985
2629
2608
3323
7413
8696
1100
9014
908
1482
7082
9632
1497
2228
3352
8416
9560
8602
8157
1309
5510
7764
440
9212
104
7926
4720
7616
6484
8397
5875
7526
2284
7433
9431
8200
6850
9284
9896
9974
2260
1500
432
4715
4050
7756
4390
5097
1469
1895
6605
9888
571
1168
6512
5560
3288
7630
3992
6533
5712
4842
6852
1115
9368
2701
6537
1285
8414
9112
4019
1425
9108
3661
2856
8631
4735
3376
8477
1700
4691
1906
7192
2793
9496
8641
9471
5736
9854
3480
3407
6143
4623
3548
8959
8084
6085
8575
609
2056
679
5476
8985
5379
338
9645
1188
3612
7088
2
1441
6364
7530
2816
9657
8827
1437
7922
8924
2506
1610
8849
1073
4082
9962
2554
3023
8975
8603
2216
5668
427
9685
8234
2580
846
7113
3439
1673
4673
8272
2669
3547
596
5248
4690
8768
4031
7480
8558
5691
368
2107
8227
2221
5176
5261
6048
3611
6625
467
3453
6747
1038
9519
1097
7808
2928
2140
2739
631
5404
5970
8867
1463
3653
7519
7643
3564
7191
1791
9922
9154
9912
5316
7899
5158
9318
2218
6938
2645
9988
9774
8594
4349
7363
7870
4719
4009
2909
5267
7560
5115
7395
4442
8320
6989
423
4486
2691
4095
7603
1198
6326
8376
436
161
38
2501
3357
3529
2844
6652
3403
1386
8156
7434
3770
820
7118
8192
3638
1303
1526
470
130
247
9588
4769
9452
7699
8960
6385
8215
310
5491
1216
2692
5653
6026
6746
8209
7571
6811
7742
6849
8966
7098
9122
9040
1406
166
8509
3446
961
9847
4722
4560
377
3157
5022
764
8362
7937
8865
7316
5911
3636
6464
2578
7915
4918
8130
6444
214
2098
3957
2536
705
7401
8086
2786
8663
1806
521
9255
1179
5641
8410
8079
337
1460
1808
7694
8847
7890
2577
8880
1811
8828
1918
8427
6218
3897
2545
1256
8045
6021
1019
4982
9627
4521
409
4266
8690
8211
1637
5201
1815
1041
8007
6082
3707
911
6378
3171
482
4239
5392
2302
7600
3959
2285
1891
6055
4625
9748
5539
5792
7662
8236
4653
4211
8059
7508
5639
2245
6711
434
7246
1567
7539
9806
5921
4406
9745
2333
8198
6362
8570
1395
2630
9757
6475
3625
5321
4512
1883
2832
7364
3401
6116
5858
8458
6275
2845
8296
2425
4700
5749
7013
6202
5295
1877
9244
9679
822
3356
5475
8054
5877
1324
8521
7110
4070
106
3540
5057
2770
848
5154
181
3131
2325
2862
5325
2695
4097
8508
8654
7196
1696
4846
3557
8788
2646
5258
201
9338
3980
1653
3890
710
5527
827
1724
9389
9893
4873
4573
1247
7906
389
8459
3293
357
4654
3080
2347
4916
892
9294
9525
9692
5222
1506
2976
8752
4962
7533
9082
7909
8165
7611
1954
4688
6350
8266
7444
963
4945
7921
2135
5724
1751
77
1346
3247
1707
5522
3822
1405
5620
4381
7657
5459
8512
6760
9210
5450
3117
1697
3077
6094
3005
9133
4758
6461
2071
4090
3950
5024
4894
6864
7397
5608
4662
3723
8920
7696
2593
8786
6956
9959
2239
4209
3377
2299
6382
8339
7904
4883
6692
8722
9865
1140
7766
3577
938
489
7552
8967
8756
879
6238
1925
6848
6465
2368
8638
8219
2785
7615
1826
5179
6778
9668
6344
9499
9142
9782
7804
2741
2613
3340
3179
5279
4269
6566
3539
1562
5487
8528
7525
6000
5957
1607
150
6135
4567
8866
4790
1113
1270
89
4251
9260
