647 29
8390
4132
9926
3437
4503
3812
9628
706
5084
507
6036
7162
7801
6803
6448
9941
7134
2798
7620
5087
252
6028
8313
9281
5508
2138
7646
693
8859
1015
201
8948
7290
9028
6907
6013
7281
3096
3538
8549
1244
3165
7704
1462
925
5962
8504
1990
313
766
3921
4804
3295
7142
6739
4080
4690
5243
9798
2104
4680
3179
9689
8779
6140
1346
8744
748
142
8356
807
7317
7114
4010
3532
5301
7541
87
6121
5480
7699
9398
3350
1809
1750
9026
4445
6262
9985
8001
9727
9912
9035
8174
2740
9310
5023
4082
4368
9405
6144
6286
2737
4838
9274
5351
6660
2844
1268
2174
775
288
3185
155
7433
2795
2421
1270
4718
8999
9525
5745
1311
2010
4711
4405
3406
1953
953
6808
7702
3669
1901
7160
3009
3820
1586
4919
5780
1918
3906
4037
7970
8535
5519
7677
8261
5905
227
6216
5367
7377
7198
5522
3472
2692
311
5020
6456
7104
3879
4024
3463
8413
7738
4676
1694
6496
1248
4071
600
1000
9234
7720
1320
9701
7220
2701
1680
8127
8201
2410
412
3248
1347
8571
174
9148
134
1949
8455
9633
5095
1302
6558
4825
1814
581
1936
7692
6069
4452
5812
9267
1892
6330
1129
7831
139
2317
8799
2568
291
4164
9007
4522
705
4635
3976
3945
5376
9408
6263
8589
4202
4298
9586
2424
9010
8009
1025
4732
9105
4376
4169
6843
4076
6239
8342
8198
4654
3413
8197
7942
8055
2963
5948
1961
8897
2292
5766
7156
6538
792
5854
8712
7043
7848
8407
6175
2068
8291
3749
4837
1817
2759
2108
995
510
2780
8452
7846
8706
5994
4805
5774
6507
811
1269
2515
2950
1242
6075
6770
3224
6698
4127
6278
2951
2996
9712
8241
6094
2289
6585
9302
4001
7088
6749
8805
7755
8330
9231
7669
6740
1217
8287
8416
4811
7428
5234
332
6871
1806
7163
4846
7930
6601
6163
9762
5325
3464
1597
8539
9607
5371
5557
9311
8669
783
9161
3563
4040
9158
3819
1156
8863
6117
4671
1133
3286
3536
2716
8639
762
8205
6936
7713
6472
301
6900
9086
342
480
3263
4263
5526
8169
2741
4740
7368
3178
9439
56
5286
526
1832
4212
3630
6533
6689
9988
6946
4196
4982
8297
88
7687
512
9813
5898
5682
7591
1062
7547
997
1937
8861
9387
8496
2678
3255
962
9918
733
8000
2286
5182
3984
6393
2813
8324
5288
2438
9192
555
8765
6276
372
5758
4032
4554
3111
946
7273
7476
752
3943
4813
4629
3217
5032
1574
8084
4194
3191
736
2134
1654
5180
6109
2020
1595
9894
9640
4484
5424
7876
4880
7366
7219
2065
5954
1359
2456
9359
6781
4496
7864
487
4875
7106
1352
4824
7671
3368
7024
2546
3184
2630
6199
4284
2332
4239
4502
1609
1304
2726
9882
8746
4705
8903
9292
3229
3551
3280
7374
9247
5004
5919
1008
9845
601
707
7059
6705
2723
8133
3000
9920
3329
4827
3142
1404
8393
9101
689
4092
8115
7834
4532
6964
6191
7388
746
1960
6691
5975
7295
5960
6320
7403
7636
4730
4608
8265
7193
4166
6430
9731
618
9354
497
1467
9817
8878
1334
7581
916
7810
9930
7001
1378
8259
6673
9416
5327
6220
2326
401
5001
4623
9442
519
5479
9451
8065
7853
8728
5099
5294
5282
7323
1789
5383
6711
2028
8604
2324
3231
8143
9690
6361
4241
5039
9071
2657
6620
6060
6345
1379
912
1689
4178
8045
8895
4604
8196
4251
7920
9064
1463
8220
5410
3556
8245
9181
6716
4326
1415
1543
801
8429
514
959
1520
2270
4361
8521
9615
2186
5353
4006
6404
4521
7520
8162
932
3615
2905
1548
571
917
2374
5452
5166
242
2959
3966
4133
4642
7554
1036
3107
5476
176
6282
2642
1118
9753
5855
6023
2166
144
7989
6016
192
9110
4701
6065
713
3193
8899
5440
7728
515
5153
4898
6552
2445
930
2123
5616
6336
8450
2874
1606
3306
2908
3689
7995
2197
8580
6939
1550
5973
4625
390
7678
5335
8585
3135
7840
5474
9460
3691
