951 158
505
2832
9163
3824
6396
441
1084
9798
106
1133
2590
5862
9639
5602
6896
337
7688
6274
2139
5405
4394
4696
4387
1089
4846
8948
3446
9501
370
8203
5282
1892
4874
5502
5956
4503
3149
6036
3562
159
205
4759
2681
8406
222
5544
7594
5650
9895
5216
8272
3711
3238
5733
6197
4024
4238
1173
3522
6594
9388
97
8589
8805
1608
3385
797
2776
3414
7440
3433
2664
3723
6492
5150
9060
1293
124
8895
8632
6820
8246
8407
6788
3901
2780
9530
3369
6876
9994
9689
9727
5009
3375
4884
9990
3284
4758
7658
807
5147
5424
4637
4085
6410
5887
1296
3062
8217
1793
1458
4184
497
6647
7140
9362
9872
2865
2758
9064
5533
6409
6448
4138
5637
6408
860
9098
8260
1560
1393
4920
8671
9400
7833
8843
1613
69
8580
2030
7014
9691
4950
6677
1208
8892
1803
8822
4281
8108
6746
996
3812
4362
6917
1404
5553
2919
7877
2443
9349
6579
4175
5831
4044
1763
3854
4905
546
2926
7474
7320
1615
8273
5556
8976
1197
9043
9364
7970
1015
4050
1314
3765
7951
8796
758
5546
4572
810
4540
1309
6351
4519
2127
7175
8000
3182
7969
6288
7354
4753
8532
3170
8175
5574
3880
4697
8761
1420
1170
2063
1883
6005
2228
3232
3161
5679
9234
1631
5257
8690
7630
8602
3022
1966
4275
6489
846
4312
2632
9264
6785
2137
9914
7201
1897
6790
3444
4913
5723
3239
5466
6501
1755
5142
1030
1529
2150
6661
6025
9324
3305
2620
2019
7708
575
6718
3598
6121
903
6264
4725
4841
868
4581
6370
9384
8269
2097
1044
9993
1301
328
6143
9789
2521
9694
4526
2182
1836
8003
9577
4140
7277
2831
7638
5179
9877
4701
2678
8093
1748
89
6984
7499
1724
1231
3351
7240
5981
3956
862
8281
5274
2187
1632
4291
5904
3157
78
9416
9780
2503
3786
9015
3087
6633
9461
9972
1091
6468
5760
9610
5490
7212
2626
7397
685
8255
7780
9255
2425
1421
7950
8404
141
9351
4576
8799
7058
4237
416
4704
8111
7750
4893
2265
779
3443
1399
5684
640
8497
2491
3099
6427
3579
7815
2387
8880
9418
5532
3541
6619
586
9744
3946
7281
6954
6051
4163
8261
5743
6026
2227
6310
8165
6135
5033
7189
5652
1594
4381
1829
6186
1504
2390
5019
4619
362
7814
85
9650
8521
499
327
2547
3988
819
6640
9935
3724
643
3947
178
311
500
6513
2892
9544
4531
6940
3290
7376
2355
2679
9408
8334
2392
7681
2790
9474
4435
1392
1484
4287
8613
5810
1707
1582
3570
350
7162
9039
9828
8105
3273
7531
1641
8213
7662
261
3194
1236
8458
1134
9512
8762
4118
5560
4277
512
2479
2226
8157
9211
8659
7119
6991
7096
7730
219
1839
1360
385
8650
9555
4442
9753
9429
4479
5617
4035
1760
3047
3928
258
6018
1921
6978
8657
3165
2508
3216
9703
4376
7172
6055
6372
4867
4204
3907
7059
2471
3572
8533
8936
7756
4167
5420
5316
9908
6400
81
244
1415
5426
4388
3123
7636
3617
3643
6639
1022
7287
6541
8154
5410
6217
2913
4828
6886
3868
3339
4095
4003
6648
6550
4199
4642
6631
7217
9238
6249
2341
9949
5584
9186
3441
9763
8087
7459
4879
3549
1617
6945
24
1970
1765
9713
9598
1884
8412
7293
2680
7875
8830
5772
8697
8110
1371
3763
2184
1928
7615
2599
3597
453
3665
7299
3690
9275
5261
6695
5165
2550
3922
5613
4800
7010
2294
7890
1871
1478
9167
3196
7973
4112
843
8603
1640
9175
93
9162
8978
6629
2151
1038
6177
9079
187
9398
255
9024
5509
5064
637
3619
2716
5042
6093
6942
4837
7163
4087
1131
686
6711
7778
842
4708
5164
4551
4301
7170
739
3893
8769
4276
82
1391
6331
1941
7449
1343
4612
3301
1272
3318
6333
662
6062
5800
5604
530
5358
412
2472
6315
8695
3503
6796
148
5805
8364
2533
1289
4054
628
8206
9361
5489
8734
6944
9160
8643
6300
8141
2296
9532
9292
2300
3267
4264
2686
768
2322
7994
9215
2927
3187
9006
7928
6218
9096
54
9153
7915
7553
7684
4037
5828
3510
7321
3454
5103
1732
9752
1566
6482
6885
9765
9102
4670
2591
1171
1141
162
5814
3269
7571
5003
2992
5413
7720
8772
2430
2939
7866
9224
1368
8248
9145
5501
5869
2193
2028
4011
9390
4875
7446
8380
3894
2241
1587
7107
6406
7525
3009
6279
2446
7665
2748
3096
5529
6882
1866
1551
7759
1827
6205
9457
5759
3534
7345
2115
6751
7371
9967
21
4577
6
1938
8610
3820
6457
7565
2308
1189
5566
9743
9830
6273
2799
324
8376
5240
2172
344
3113
2549
536
9558
5738
5217
7871
6041
5248
3834
871
3846
3020
8982
9897
8178
6477
1123
5786
151
593
9265
9099
217
8839
9198
7160
7463
3360
8303
1565
9341
1069
6760
7791
8969
9370
7094
2324
2861
3559
4177
5753
8097
8558
216
4584
39
8354
3888
7001
4436
6230
2046
2482
7467
7819
8092
7703
7891
6609
22
660
756
8339
3563
3910
4399
5966
4088
9510
5146
4062
298
1046
4804
791
4505
3605
3649
5337
3012
9833
8821
3097
8662
946
3958
5263
4343
4232
2074
6200
3315
2470
1549
630
3954
4513
9891
9576
914
183
474
605
3620
3438
7390
6707
8063
7395
813
5819
4699
2275
2362
35
9973
1974
9143
5293
3543
9596
776
218
6716
9497
7998
1523
4512
4881
4383
1899
3966
5844
7916
7924
5015
5928
751
1165
2330
805
2073
2101
6425
4832
7515
665
6860
1346
5741
4307
5005
6528
4396
3595
2189
2574
289
1047
6235
2962
3977
7865
1802
1603
8049
2816
1052
464
7235
4771
29
9423
5620
6056
1448
9556
5787
3558
6767
7896
5701
9661
2553
7272
4776
3745
803
4319
2155
4134
599
1248
4119
1778
6570
287
7385
1681
6272
1405
5557
9266
4476
147
7416
5315
7179
6089
6698
6348
8183
2842
3298
1238
4020
7825
7797
4278
1753
7197
8143
570
7336
7745
7536
5450
4600
2173
177
3518
6586
763
7275
4116
7936
5371
3180
5871
1888
1728
7087
9688
1873
9316
3792
5390
7676
9480
8913
8614
6738
4178
9475
969
8789
9242
5171
7870
4128
4389
5196
6756
4031
9447
6690
7117
5127
7003
8535
1779
3622
57
7330
5797
432
9960
773
8346
4493
997
2960
2249
6874
8518
5543
5979
6964
9879
1386
6636
8874
6479
1708
2593
991
3770
2337
5950
7071
4698
3171
2942
1169
8851
8542
1311
295
1082
2531
3219
4326
6389
1787
4285
8513
1789
9509
8434
274
6435
5141
7675
526
6583
3992
8640
