703 340
2615
2877
6515
9244
2071
4932
2753
7480
4930
1402
6833
9233
3857
920
3666
6153
6972
3191
1027
3109
9853
8763
9468
7506
2976
2157
9098
37
198
6371
5383
3731
1929
7837
8135
9114
2890
8847
9198
9306
2646
3606
9232
8692
3783
7465
7921
1101
7911
9054
7386
6430
7759
5109
3229
1612
29
853
6480
4671
8724
8545
9141
7025
3997
4551
3962
2437
1740
5221
9724
1441
9357
2744
6503
7049
8237
3394
2888
4601
8821
5847
6051
3807
6497
2869
9200
227
1631
9213
2320
2388
1315
4498
6878
8049
5304
6685
6001
7856
4362
6014
8750
8908
7219
3258
1876
6375
1063
7682
3372
2855
2625
1195
2985
7261
7258
7276
8827
8729
9312
8042
3240
3785
8663
5575
140
2276
6896
3073
43
6547
5320
9751
5686
9324
5678
5961
3032
9181
3138
7339
1616
7538
921
5589
1545
7507
2733
1914
5268
8124
3985
7315
775
5594
498
2440
9135
7119
1689
1962
9121
9027
2110
5056
5343
8471
1510
3227
6838
2534
3276
7736
883
123
3870
1442
2086
8409
2302
7938
3438
7435
9065
2420
4660
3641
1717
4583
8916
8915
7811
1088
6342
9469
9188
6779
1163
7992
5639
5136
1763
3112
2064
4366
4139
1879
5205
2951
4339
2245
3090
6823
3918
2922
2988
5665
4259
1482
1730
468
9440
6488
7150
9927
237
3439
8962
1845
5867
9220
1350
4449
5440
5851
4041
5745
646
1062
4666
2219
9997
2087
3564
5837
7054
5879
8994
9983
592
1014
3509
8340
4548
5500
69
9007
2285
8958
5833
9187
7039
5484
3202
3411
8968
6647
5047
4804
9873
4429
4863
6633
445
2038
4337
6239
7333
3732
4575
9843
3290
636
8260
1161
7989
7161
1805
3483
5260
1795
3765
6753
6017
6294
4937
4794
9284
851
6714
325
6889
8080
5568
6078
6612
924
4891
2152
3953
1699
3013
6531
1536
3530
8372
9611
3133
7208
4876
7133
1486
8642
4976
2630
6869
4609
1176
9993
4693
209
15
4909
1698
7657
9972
4865
8833
1634
400
509
3550
1109
6231
4278
8397
2694
279
5373
2216
2839
1310
3078
5751
3674
9168
6765
2375
5237
9669
9935
3558
9625
463
3183
7802
5069
8485
679
3035
4180
2769
2834
4733
6616
1280
8180
7234
2434
8709
4473
9641
2024
4506
5467
8401
6416
5588
1549
6238
9571
4753
2580
3334
6865
1286
4953
2705
7615
9738
5499
1177
9194
8175
6064
4587
3604
4217
2514
3400
9574
1010
9918
1502
5134
6025
4637
4214
5785
4185
7158
8418
58
5493
2222
4486
1369
7833
5267
9105
2671
7479
4662
3482
3370
5952
7558
6630
8304
5036
8878
451
9553
7798
277
3429
6066
1226
4020
1676
9713
3579
5076
7446
4481
2765
9070
7302
8850
2915
9133
7863
807
2115
2844
8603
1214
7186
9591
562
1406
249
6318
6947
9523
8910
4596
7012
4483
1931
9002
4928
3975
4078
9386
1496
6278
6365
8400
7395
3020
7523
6946
1395
2763
6481
7734
3398
4504
565
1187
6367
848
6861
1532
5586
6
2535
8106
2762
8612
5814
2533
6368
5404
9533
5863
9240
6580
1210
6796
4026
3050
2627
9990
6750
9769
348
5948
6468
5844
658
8754
2701
9423
9542
9604
7625
8653
4489
4445
1086
7075
3169
5652
2561
1947
5781
3733
5349
2950
4811
7982
3693
601
1691
1648
2303
9832
1888
6213
7136
7275
9281
614
1629
5600
245
2172
9037
7391
4921
8619
3507
3543
997
9389
6660
3412
1542
5929
2185
485
2224
9282
2252
9699
6134
4612
1384
9695
357
162
9438
1855
823
8483
6555
872
7990
5777
8096
1826
4499
8320
6163
878
4328
5313
7683
4616
9733
5462
4227
9965
6044
955
2691
6109
122
2390
4884
8745
777
4538
1495
9826
5919
7844
8297
3859
6761
2598
9554
7947
165
99
5655
9765
9241
9175
3085
2898
4996
2020
491
7593
1295
4023
1866
9237
208
3768
1900
1500
9435
5424
3046
7727
420
9525
2891
8349
1077
1713
806
2067
56
6113
9955
1886
7571
8377
8139
4673
9118
7387
2882
6385
2090
4176
3358
6122
3808
221
216
8534
4624
5711
9807
1198
4361
949
2418
4527
7951
1968
1830
5528
4977
749
3399
3381
9888
6518
6701
6229
7944
4408
350
5225
3120
9286
8993
6757
3729
3186
6088
8067
5061
7495
7924
6458
9206
2155
4284
533
6292
6359
985
983
3699
8051
2212
4610
6446
5791
9989
8649
6101
6477
1393
2524
5284
8211
9271
6774
3659
7034
9081
6346
3064
7988
1253
4563
3776
4159
1165
1611
7942
3117
6520
9441
1843
3061
7551
417
1494
789
2724
5362
2299
4866
8667
6431
3658
1814
2714
3551
4175
7441
5830
4346
2447
8192
6820
173
98
441
4200
8585
5481
9921
6965
8796
2662
3455
2941
1877
7997
8771
5802
605
3259
3644
4231
7499
9363
9436
1910
3113
8478
8657
1275
8010
6632
7766
6316
8011
8298
8190
3488
2909
1781
489
9150
3155
1299
6274
8758
9562
5622
5776
4949
4957
5098
1529
4131
527
6695
9827
5443
2443
3717
1493
8940
2802
8671
7579
292
6543
3024
2409
8268
859
434
8174
5981
3755
1367
2330
89
3596
2734
3355
284
707
3949
3420
6168
4022
772
4223
4789
588
9031
1680
4982
1492
8697
6010
6626
5255
4923
7931
1204
1566
5428
359
3843
7114
7056
6105
2180
6620
4302
8676
6510
4454
6902
6907
3302
1366
1073
1135
8230
8222
4053
8501
2348
3004
9039
19
4270
1115
9417
7416
6124
9236
8955
3413
1102
7218
7085
6764
8044
2641
154
4819
5836
5490
3649
9205
262
1870
6501
2005
116
932
933
6960
7653
129
917
2046
9296
9787
3947
7428
998
118
2826
4080
1267
6343
612
9432
1235
8212
6959
6211
9412
8578
234
1307
8943
4704
1694
6971
3262
6339
7819
5780
4796
2651
3053
4556
3060
5206
4791
5475
1752
3834
5070
4931
1426
1190
6523
7301
1982
603
3846
2817
2556
4029
7065
5332
3019
9968
6864
5171
1257
5197
5618
2003
5740
8312
4226
3769
3841
739
9831
8282
9156
9890
4406
3386
1467
2030
5804
6522
1885
5189
3892
7860
5452
5878
6402
5222
9117
7328
9875
2722
2150
4565
9776
1053
3097
3134
4622
6614
7213
