884 132
950
2089
6376
3553
3245
7676
7276
9372
6430
5022
5838
2423
7845
7339
9042
3456
5618
6908
3226
5288
5774
9926
9585
183
7401
6140
6386
8073
5983
289
2614
8345
2745
2046
9817
2841
4671
8828
6046
5611
4395
5407
9193
7231
1352
224
6570
5066
5706
5557
9498
5167
1640
5934
5613
2236
8324
7711
2711
5588
7131
5653
2380
4468
1111
8103
3024
5413
3569
9739
7485
3005
580
4081
8386
1313
8926
3840
888
2507
5648
219
736
2020
1940
4768
5256
4591
4973
6637
8525
6002
2458
1999
4107
385
997
9832
8015
1177
4904
6556
2557
7733
4287
8025
1037
7281
5128
208
6305
8041
7975
4580
1618
2908
1190
222
6359
2947
6714
3658
1255
3176
5953
4930
6870
7012
8599
9109
1500
4425
4135
9427
5353
3214
8809
7263
9681
4924
3508
2120
1942
132
9123
4850
2394
8323
8733
3582
843
8285
1355
7385
1561
5138
6707
8338
7377
8800
8771
1465
4970
9778
2199
9763
5739
6326
6647
2410
9768
7053
9743
9505
9447
5403
396
774
7779
3454
3584
7456
6573
1179
7507
5863
8169
5444
1366
2194
7948
6933
9636
4300
2176
5118
4664
5056
321
1211
85
2132
8423
1199
8118
8322
5633
16
1315
9216
8138
3899
2828
721
9899
5832
3125
4757
7512
7742
6283
9625
9387
3390
6839
3581
6686
476
191
3549
1025
2489
9599
9332
7255
2301
3116
614
9062
8364
3542
1700
3967
1413
6342
970
4439
1831
4615
2744
8340
8017
8145
1979
3939
8420
2464
7240
1894
4902
5139
1252
395
6998
2352
2067
1079
5975
821
6459
7651
3484
2490
420
6828
8782
8339
5390
7982
381
5889
5503
5355
2272
8920
2596
1514
7657
5938
1418
8460
6609
7690
8207
849
8588
7175
5062
8409
4801
4420
8985
9077
8674
1134
9352
8924
8891
4187
3999
409
8727
2581
3377
7634
9825
5842
9553
9812
8024
7969
9103
3696
7731
6639
2764
9301
2260
7877
5255
3428
3749
6860
8781
5808
391
4295
2243
1778
7237
2223
9696
8461
9406
2762
4361
7220
9150
9901
9431
304
9657
6616
8358
7929
1680
9708
4593
2638
938
52
8656
1905
4146
1223
7194
2082
6395
5287
4925
9824
6369
9927
7111
9855
9483
169
5556
7136
7117
7364
1725
1849
1923
1563
3294
9765
2246
7587
5819
3096
6629
6300
5278
7437
4691
643
3258
6891
4688
2528
4731
7617
8907
1799
5160
5268
3356
2101
676
7434
2961
4903
9323
7911
3976
483
2781
3326
428
4739
8558
5482
9662
2419
8066
9887
3407
2712
6771
8302
9784
2335
6258
7127
8087
6291
9432
1353
3126
3832
4343
7253
4889
5109
4514
5329
8516
1887
9701
8
2743
4735
5730
734
3831
2438
1562
6577
3930
4951
6757
7260
2718
6498
2318
5077
1862
3057
6845
438
2514
7932
194
4873
9274
2807
5707
7484
8776
1739
2642
4116
367
9473
4470
8557
9211
7914
5781
6511
7302
3997
7299
6013
5108
3944
8937
8263
7901
2983
1468
3360
1396
4377
3674
5688
8641
443
3036
1494
427
5416
3429
6089
7452
4766
7691
7376
853
5973
4554
3805
273
790
928
4021
4423
5298
4510
9833
8281
2106
7120
1826
3184
491
8262
4776
8805
1622
6051
885
1948
3937
1848
9621
1853
203
2568
5465
1760
5116
7467
6117
2794
5956
2540
3768
8288
8745
2104
6857
6588
8380
3330
8856
1871
9998
8910
2756
987
7041
27
8160
3502
5048
753
2040
4027
1273
9299
3507
1884
2657
5982
21
7250
1886
5428
1453
9836
7520
8741
1639
7522
1299
5274
8826
6199
779
7426
2042
5063
1181
4451
3970
1556
4255
1124
4837
9905
7283
6521
2997
1559
2987
2813
2504
1361
8840
2682
6052
9734
4997
5119
4303
1098
8734
3901
7205
6621
2190
2637
5928
7614
4726
6785
8242
5872
6505
6598
4870
2630
6932
7187
1092
5374
7515
1584
9307
392
5630
8166
7992
8834
9051
8607
2429
4337
973
3866
4926
6867
5997
4564
8474
5467
2759
9380
735
3308
3201
7978
1941
5219
5360
3374
4734
5285
459
7945
31
6068
6595
1137
9707
8221
1683
2080
4877
8030
7925
1779
9826
4020
5599
638
3008
8962
7080
1645
2695
622
9259
7765
2387
2277
3063
7464
7483
943
8480
7720
857
9021
9651
2118
9119
575
8284
8849
9266
6404
474
524
4630
4453
1082
7940
8270
8362
1344
3947
2353
3511
8283
4291
7917
3578
2182
4601
3451
5396
5370
5531
429
9089
7575
4084
8568
4741
5698
7391
1017
1159
1874
1964
4441
6563
607
498
3230
2825
9008
5145
3055
5806
3275
2907
1854
1772
3877
7000
9641
1949
9567
866
1681
3504
4463
8275
6461
6487
6301
1425
616
35
886
9179
4966
5414
892
8421
9304
8522
4912
7543
1083
4679
3419
1259
2683
4085
5107
6440
8898
8619
269
8110
425
9105
5383
4529
2782
7801
5215
1042
2439
6874
4835
8049
2533
8204
6351
9735
8425
7939
7752
763
9647
712
9154
8021
1009
6218
9278
102
6259
3458
903
6327
5070
2839
9036
2295
1026
2414
2440
2051
9275
8550
4464
716
7329
6443
1228
6822
671
1081
1047
9358
2268
5436
7959
8293
5014
1399
2911
5468
6724
1024
2145
6198
6841
7679
2608
1547
6437
4314
8347
3710
5931
6355
2591
5812
4506
8023
285
5786
2415
9095
846
6383
6417
3524
3892
9618
2428
5750
7558
2110
1812
6040
7532
4211
9845
8634
3872
9402
8072
1611
8743
6006
8280
5009
6078
4542
9422
797
5809
263
8536
4524
1146
692
2522
5469
699
952
5763
2328
5321
6571
9922
5494
3748
134
5561
861
7607
7222
2186
4742
517
2851
9655
3410
2589
7116
6572
8342
3818
2201
5297
4052
4407
4434
3730
4175
4887
9835
2315
1220
1955
2019
5453
3847
4661
9460
4681
7203
2072
1898
4127
5676
823
640
2314
9263
6389
9346
5940
6772
8903
7457
8147
4598
9022
8897
3256
9057
3803
2021
3747
6620
4747
1751
3248
1510
1910
4355
9284
7269
1090
6113
2409
6779
665
2076
8635
8090
4326
3775
2275
2298
