109 278
2542
4050
7346
2788
1385
4711
7208
6390
3627
3054
155
4494
8823
7723
3723
147
614
4462
3870
9581
6664
3956
3448
4813
2726
5193
2621
5863
1363
9768
2861
8717
6049
3810
734
313
959
6614
1976
9254
1232
9298
9193
5340
4439
1799
7128
5606
62
466
2359
6754
1190
8284
7042
4644
8425
3984
6853
807
6523
5812
1449
3249
5967
7430
1438
754
4678
644
7013
4425
9826
648
8260
4739
4105
9246
829
33
5044
1844
9288
9908
7319
3213
7500
4568
5979
1345
7741
3050
3447
8517
2751
9432
5298
6392
8547
6817
1397
6532
1027
8245
4386
6194
1480
255
326
9308
4152
4172
9336
3316
8377
4589
6778
2297
6685
9424
3266
5545
7029
8330
4799
1664
1748
5392
9163
367
8593
9924
7580
6936
5992
4860
7062
4293
3886
9775
8369
121
3934
2073
9922
2478
6325
7374
5192
9693
4230
2859
806
2141
2091
6712
2264
7858
2602
6649
8723
831
4420
2878
1078
619
3901
9175
6131
7081
7244
5555
6025
105
2832
4838
732
6827
5982
1531
334
5641
7985
6801
9741
6961
7589
306
4793
6078
9343
4832
1971
2178
9236
3262
3473
1186
1674
9289
511
1246
4555
8642
5279
7211
3253
5240
3233
2591
7823
5990
8701
8169
5159
1015
9901
3530
9654
1265
7704
1492
1572
5717
7545
2237
9096
8546
7230
9328
6024
3856
3996
6208
7215
8096
64
7866
7644
4509
2049
8406
3431
2494
2865
7593
6830
5564
433
7899
4878
2251
6964
3712
5901
3590
316
3540
132
8363
4641
120
9211
1056
2944
4452
8092
8129
2128
2904
8649
904
4943
5635
8073
2279
4075
9375
6212
8013
615
3281
7698
2416
1381
110
6040
7488
1100
9309
2656
4077
3455
2390
6702
1326
9517
4070
7306
3970
5770
5263
6861
8241
331
2681
1124
6418
237
2052
2214
5234
1524
5562
4033
153
1323
1453
9081
4601
8662
9155
7834
1630
9130
3759
1090
9231
2538
3764
9475
7696
4778
2449
1324
4506
903
8616
79
2815
894
9601
6201
6824
8826
174
3576
4635
539
5437
2403
1721
4081
5563
7287
3488
9255
2319
3043
7460
3997
810
7385
5189
6622
6793
4341
861
5969
2836
2969
4696
8650
3687
6503
8624
7856
3178
3224
3749
3978
4510
1545
2626
247
3157
7725
