111 72
6689
8017
8324
6521
9543
1493
5766
178
6210
5030
7831
4791
8966
9841
912
589
624
1786
4439
1596
2455
9518
8818
4795
7522
4673
1547
7543
5235
6904
1452
8959
241
8517
8153
191
9891
3659
1788
3991
344
4557
5836
1304
1940
5927
1175
2490
9109
8904
6462
4492
3652
2123
240
7258
230
5808
4622
3620
5634
348
5598
3905
4429
2538
8683
4335
737
7708
4842
501
8588
6738
7159
967
3621
7061
3310
3829
9065
7409
5221
9105
9155
8509
9830
4394
9307
3128
3243
8618
2165
6434
7986
9737
2314
3092
8976
1724
6132
5245
2834
3854
3874
7226
1182
9049
1259
16
968
1184
496
9001
5712
8892
2250
202
3945
1441
7459
8317
1621
9629
6960
7023
5036
6268
9884
8439
8427
475
6928
2066
2152
8823
5294
9367
9220
3057
9308
9628
122
6129
9470
6677
1028
3107
8813
8867
6828
9282
8115
6321
3088
2304
1368
9030
7887
4799
6838
2600
1024
703
4809
670
7857
3316
1475
2703
3821
6275
6652
6860
7719
4122
5654
3479
931
1721
1262
5103
8516
