373 947
1704
4260
1521
6899
7403
6027
7019
4464
2275
5636
3570
555
2718
453
4255
2853
44
61
3940
2280
1204
5173
7360
3068
5841
1650
5403
6419
7305
2603
5420
562
5165
9809
3018
8252
8204
8703
2622
9468
6179
5887
5608
7935
3679
6103
1545
3563
2979
2286
6957
5264
5509
6335
1627
3514
1330
7353
8981
4624
1026
7744
1914
7868
5782
1540
6459
4983
8286
539
9819
1456
3687
9790
4431
249
2114
5261
3636
3743
9119
6752
448
7940
3912
779
8961
7914
3306
6834
8733
4622
1428
7308
1278
3287
8816
8873
8376
8483
6052
4980
4865
2772
7011
8860
111
553
7149
7766
5284
9333
468
434
6631
4097
3181
406
2048
4589
2768
9591
9280
6065
9196
3863
5899
4098
3259
2376
2195
2817
3532
4350
4066
9085
4387
9842
8916
7464
7177
3058
3838
4343
7345
5542
2047
9699
2025
2046
7825
349
6217
232
6924
6687
8827
3501
5528
7021
4630
5547
7596
6009
9289
8120
3526
9585
2550
1243
7477
4044
4418
5931
2217
6017
4910
7764
2659
3486
4112
5392
8410
7144
3508
11
4709
3044
6487
1755
2056
3766
2167
9042
6798
8645
5654
2804
4674
6667
2553
5218
9002
104
6163
100
2881
3670
281
5014
640
6888
8354
4265
1720
3451
3677
5802
3422
6958
5199
2176
2259
1406
2215
7951
6927
1626
8048
5625
1290
2918
9299
5028
2102
763
5398
3223
4652
3530
6036
6526
3538
849
2122
8045
1142
1735
3340
7504
6010
9713
9410
8097
7852
4871
7426
659
5904
5552
8971
6347
300
4266
7611
2399
2240
3255
7854
151
6704
81
7331
639
2223
7533
284
3134
4233
5149
7875
6657
9582
4960
2340
9777
6166
1956
651
8947
9893
2220
458
5198
6717
7820
886
3303
3354
9601
5535
2600
7278
3438
6170
2623
2362
7472
3853
130
9221
8531
8007
705
9372
2302
5897
9156
8134
8538
7237
2915
5168
8993
6900
6273
7760
2296
4991
5514
1357
2750
9502
2821
4253
7152
2695
9263
8465
9421
158
2716
6963
3658
1841
2214
9374
3248
5100
4085
5175
4045
4129
1781
3987
4667
5449
1605
348
8243
9407
5838
4797
1839
1723
9984
6967
826
8940
2890
7793
2823
5166
5350
8092
6427
6428
735
884
2680
5183
1186
9862
5476
2074
398
9296
8555
6097
4530
7801
2251
307
3674
6441
4020
1463
9400
1192
5069
4942
4356
8741
27
5488
2083
1571
8086
2329
3073
966
744
5673
4276
8475
7394
1530
6356
9371
1087
565
8480
9334
2610
9897
254
8259
933
9079
547
5268
3761
9353
9003
855
8136
9542
345
9858
8833
2960
9830
9778
592
2650
5660
9652
8218
3258
2957
213
8313
8668
1234
4607
8748
60
2512
9319
6577
8582
1382
4180
670
4791
9417
2632
4024
2308
7044
3297
6328
5346
5666
7419
5213
2649
8017
2706
7239
836
1526
4017
4578
8292
3741
2953
764
4452
1370
7117
7669
2449
1466
9458
9135
6830
1588
814
3895
8866
7804
5982
9247
3403
46
3807
7623
6527
8422
2927
5460
7957
8754
5092
689
9552
7859
6700
7391
4312
1293
275
9676
6855
7294
3115
9506
8029
2987
1307
1750
4848
4390
9590
8563
6588
1734
5531
8914
9979
693
2931
3591
2064
6168
5323
2124
1358
3225
4384
990
6939
271
7320
1467
5380
140
692
1256
8865
8322
5781
6913
1459
7283
1917
858
4725
3016
2748
7923
3022
3778
7009
9887
8113
5784
6998
4959
8724
3708
977
8554
7309
8270
193
9617
1066
724
6922
57
7976
7097
5594
305
1804
9599
7137
1764
1829
1661
8360
5029
6738
8771
58
408
9780
7798
6067
6656
8578
4740
430
1399
5304
5223
6133
9481
3300
8931
684
9336
1183
5240
7174
4502
7706
9276
3707
7314
2792
9366
1640
4178
4982
9315
7599
9291
1811
6681
2255
6496
9053
6901
8973
8059
5601
8159
1187
4341
4858
6847
8055
7125
1124
4653
8171
5098
5659
4743
2224
7568
835
2862
8199
9587
3025
7549
2488
93
4950
8774
7515
7709
9852
1067
2372
8951
3257
1862
1980
3745
417
2746
1009
5144
6230
9392
1137
3892
2908
5148
6976
2203
5633
2158
8261
758
8336
3556
2272
2394
4124
8871
8739
2274
4351
3989
3230
1512
4221
7436
4900
7316
4519
6088
6630
7753
3845
8938
812
5468
8382
5620
8402
400
1495
7936
4238
3517
3030
1424
7306
6638
769
3266
1737
4344
5369
8026
7884
3231
6093
905
649
159
5882
968
5920
7534
1603
1179
4305
1065
67
685
4908
5905
4675
7423
4551
7773
3264
1517
2459
2672
2374
4648
3824
7735
7442
2798
9238
3021
4079
1327
7318
6375
2323
7497
4759
5451
8579
8603
7968
8132
9494
1821
1157
665
9214
9202
7080
9980
1239
435
9476
8659
1677
546
9605
5722
1789
6479
3107
3120
8417
6689
2036
8405
6071
9331
3376
2850
9268
1289
8545
1158
5109
8222
1446
221
6000
5804
6679
9775
7225
1894
9986
8499
4932
5646
5720
573
1331
6412
9244
7960
7226
1961
2639
522
1597
999
4176
2885
2978
4835
6287
7482
6990
6620
2704
4339
5087
3528
1846
4028
580
2686
8288
7459
1686
3915
4089
22
5960
1705
9140
6349
8006
6604
1815
1798
1860
6181
743
3779
4911
7127
439
1707
6264
7904
3880
4849
7971
7010
9096
1892
7203
4301
3663
6985
4894
3830
3336
8855
8012
1782
3772
5423
9422
5106
3689
6118
5692
7058
8369
5271
3023
2988
9165
6878
5272
5895
6090
6884
1716
6269
9755
8213
4482
4226
2734
1502
568
4774
3034
828
2398
3035
4340
3350
7598
8699
895
3706
2267
8602
2669
6860
8726
5773
5688
416
9728
1988
8634
54
4524
5266
1784
6272
3654
4041
2481
7750
6574
4905
3186
6457
671
5619
1410
5245
2171
424
3157
9697
6546
2985
4946
5640
6401
3814
7836
7417
7467
7211
262
1361
6434
4639
5543
510
1355
7579
3954
9265
5426
944
4990
2657
6937
1955
267
288
6918
9491
8520
5670
1414
2163
4095
9746
643
2101
4015
8735
3498
498
7513
8945
5030
353
9163
2507
4473
3047
4829
9107
9022
71
1291
2072
1128
5325
3592
8125
7688
5051
7618
6811
8606
2790
2364
9920
2392
9062
3118
608
740
3565
1635
9814
2822
513
1872
470
3077
5368
660
832
9935
6602
9459
1367
1739
4988
8226
748
9569
2377
6823
1070
7373
6144
972
4019
3012
3617
1030
5256
2020
2731
18
9110
438
1247
7578
904
4288
690
9065
7651
4151
7862
6854
2939
960
5697
7683
5761
4242
4012
303
165
3251
2164
3213
3235
1843
3759
6896
2460
7224
2778
5826
2720
9955
2786
2452
9573
5745
8046
8255
250
7292
9108
8517
2178
5794
8943
6833
5016
8648
1305
338
318
3328
5709
698
9671
8219
4223
467
8590
8720
9947
9618
8608
3685
918
4534
7756
6625
8195
1726
214
7228
8395
5770
7832
9838
878
8148
776
5211
3166
8454
5706
1583
9926
5105
3053
1058
3470
231
4855
6797
3828
1409
7473
5279
627
8346
2268
754
5713
3505
8327
8891
1610
9818
1844
6799
9550
8778
9543
711
7768
1938
8958
8274
9651
594
8700
7605
7317
1952
9225
3841
5860
451
9177
7641
5992
8153
8370
4287
4903
6285
9563
739
9619
8655
2230
787
6234
9345
9817
5578
8731
6294
1614
2740
6960
5282
6290
7129
9762
2371
5685
7085
5896
7026
4504
2040
806
1325
5747
932
5143
1146
1274
3994
2438
3195
2722
7751
2446
497
8580
7266
7934
7141
7865
7232
731
7557
3546
4605
6257
7351
343
8666
4498
2067
2637
2556
6534
8044
965
9612
1353
8239
1609
7016
9645
1689
6026
8260
8040
7953
7684
6940
4440
964
7020
3802
9332
512
9521
1489
8736
6703
9174
9861
5645
8835
4949
8756
4744
8982
2055
9735
5807
6448
9034
4465
5856
2561
1776
1525
220
9203
1664
