10
221269 909135 655784 970744 417563 379061 873981 670529 835681 291073
352031 923811 79501 701607 546365 776868 572137 71041 629217 496749
646417 840199 255907 557677 268590 378796 583463 450721 230963 31779
328646 494529 547831 998222 161665 773941 724397 666286 402971 581613
452501 26285 903381 151438 145360 920160 159400 145006 295423 219949
203213 403181 734385 331901 51111 710191 314089 695685 511396 708701
333277 301481 400517 446253 551313 202255 105948 66085 137201 465310
521105 160985 110748 689271 42883 977345 434686 129401 273565 847795
513793 566997 170279 449576 362900 440002 570943 689601 65045 401681
128239 412023 640414 589585 869097 992803 460831 267979 525721 504717
