20
676069 774961 347889 804733 672876 621399 763105 148239 515623 109680 289133 257989 363401 526001 329608 342369 182390 532866 946171 711871
267489 854070 123425 980027 118270 828105 942657 140876 829267 778793 418701 507655 494798 188885 71424 186914 244835 476636 311553 546031
713617 516971 951915 333037 953719 43116 352806 856897 371241 711629 902119 662373 993265 69513 405770 190751 936619 860997 134189 474073
804541 979506 615219 370429 391025 85236 727579 982251 869479 524737 987917 315149 152311 859640 474687 534711 703685 430121 304961 807552
683399 133376 968733 381357 218042 474297 15466 129476 205865 807493 205601 403321 220263 255901 245756 755361 187633 426751 917161 276681
540376 539745 950717 256887 690055 818885 976353 947089 643601 821561 860571 533551 453753 74595 600877 671853 93156 97499 270876 722713
63961 267725 25309 556358 592376 440641 335433 239781 697482 781818 212561 585961 981445 3941 76799 331701 243725 803556 772401 787463
386281 985669 84517 309232 452851 308881 800313 908701 10145 289261 213201 651156 228097 214483 881783 701328 817710 931713 487105 757033
514986 302568 605386 584989 647081 442987 566657 931689 315634 762317 473182 599486 10817 485151 221667 662295 799676 506676 559271 924685
260516 942301 755580 265663 436159 73109 574081 435177 764301 846734 496026 633605 544848 415473 312137 595209 502521 563001 818981 185845
897841 830440 819521 596651 477734 618551 783843 727741 171353 934266 115161 740785 137988 955201 664125 678245 417748 41648 269961 416463
192278 526846 46297 640225 634529 562761 462269 268951 985061 926090 399813 931524 483279 760711 399361 692889 336148 890065 743777 903751
656526 460867 289207 394433 73945 761476 600041 724189 998479 138216 39817 117101 933461 222661 929124 142305 162225 328911 396804 869922
840401 993476 603205 924537 190692 9368 634370 11097 492481 306519 679153 760741 89008 36601 246117 271689 195911 872031 522538 755553
921358 876863 937521 104869 266276 25356 125305 826761 315689 647476 565833 280257 342157 380218 268821 902313 51876 636341 421777 699117
918913 138369 753111 767966 241431 410876 618483 488501 491709 775230 88033 726097 258783 184103 975569 646353 891522 375053 536001 378845
927751 694305 755429 663488 66023 743573 503147 96281 398047 202640 564403 941953 201914 644046 437569 355406 435123 543237 27171 127875
592189 705788 282536 906254 852601 934345 122156 897326 704871 849057 872229 120351 566617 849701 745492 415086 114781 181525 750965 407685
338905 338391 808450 705153 401601 558836 534155 151712 857136 898601 226205 432701 529138 954881 910885 747177 803657 283506 158017 388617
807943 623485 619241 216903 268145 343236 786447 965685 46691 513614 960009 199437 563450 762773 851681 472227 202705 690971 443393 713631
