35
647585 716593 514935 821563 342289 358741 986852 902675 356989 882183 789257 735447 163477 77233 170226 639327 387815 47341 663201 375123 261697 496281 541126 826055 915393 123947 743629 751681 299326 150683 248801 745321 643111 374601 51195
548109 807445 627973 952995 563626 472476 544721 351381 564921 409835 250365 218482 534591 340551 111751 423633 434687 632949 29097 208860 933176 423349 851952 780081 785345 605886 149697 774489 305577 14513 485361 25507 752174 380950 851736
860926 993201 213536 412625 538083 322701 540236 166830 98497 156099 282169 131221 164947 992321 185163 313181 192137 56011 114041 996013 338735 217254 142976 372301 322623 510773 580009 386337 249855 761321 861485 837407 445145 137603 361671
704201 104965 626685 441545 307388 416827 690457 254685 784987 337969 843421 733793 948251 45465 222014 718363 366237 216389 581469 29957 20047 395565 237982 257361 314981 878407 579660 133851 45209 723851 273169 806790 633156 593410 645249
790761 234243 841230 90541 836685 373571 947452 10506 933264 35021 636557 193963 321761 759959 120181 816939 608621 876417 672995 575155 667956 574379 596751 163173 726739 719629 924347 768716 157376 514197 483881 219841 304577 402721 739011
776191 135605 364097 702889 931737 137217 30505 728281 414209 645708 904616 42901 198177 41074 764043 35201 341461 403544 436841 826465 46581 249976 978855 397957 610773 701041 954481 603266 109701 569073 982291 152863 317968 474090 825141
421977 257781 516903 852403 548392 246529 343041 487137 843932 169591 402505 48143 5460 511841 892330 387313 763933 751603 753353 707901 339497 236481 640337 786009 463081 442021 550563 952228 430591 370996 347137 570685 262583 606751 372104
122596 82329 9948 417961 89545 391797 886507 399241 843844 205657 81887 260225 327310 641165 756335 425729 25179 228166 769294 713281 18037 241063 486711 598103 807461 954226 272894 119085 654921 307618 415651 332776 187751 212046 902349
856025 600833 244405 160211 814198 441696 326699 682898 510369 807485 409759 773677 6741 924041 512582 944045 623092 216311 838883 465393 556177 343556 546429 334931 181025 415283 720723 615471 462985 880497 143961 659829 466451 421240 800366
435269 635446 17603 747151 62948 878891 599996 137989 79873 38357 761831 788156 195905 177481 459116 67795 301069 387289 588387 703013 987881 642853 480257 837683 792256 250185 162209 651017 798021 120216 116715 218201 919324 820276 138441
672378 754829 359303 725721 23895 498193 187725 701246 198845 146863 442897 65001 505055 452745 740596 669108 134313 231108 390982 96483 287256 684313 28981 739026 339885 492433 222009 818441 77441 609044 166969 742065 206721 790424 345478
739128 525921 310011 166201 503681 654876 993369 146205 894865 528201 19751 600371 702881 887995 920641 485841 263595 146041 202403 581361 365121 543801 388031 677909 273809 197741 371026 209633 918711 581907 376363 686977 60625 386939 568501
551266 385256 59921 869822 542056 996142 965957 752958 580455 239000 595881 599193 554428 579329 311431 810236 250279 691977 452421 219211 249481 268096 921871 96788 247991 43675 30371 752453 620905 841366 536471 404331 174106 62570 364647
601648 77911 322147 191273 126437 363393 37124 577961 597428 279325 596874 258264 525366 435346 211951 483303 351613 385826 648035 777079 347633 6155 439811 209761 623207 744293 233551 755245 277891 224463 983981 842216 23881 811751 424495
500096 680671 311393 361339 714241 679516 383775 331937 901801 725459 142113 436837 496958 287613 846751 622637 912664 295068 574021 730061 177577 782881 866626 719617 582011 119517 910480 246461 851553 427744 996111 468330 249904 510516 748305
405606 487065 381038 233816 669219 781037 361069 54223 164494 102463 671808 526315 440783 193703 506568 908201 39041 602471 335661 240015 983141 505171 182687 512371 781681 190869 395416 162476 38439 468462 377735 684278 502879 540449 558521
595887 528681 491823 881526 497237 345781 930574 84021 776551 761153 737940 739551 312701 848413 91346 622370 980471 856751 233663 412891 544659 995127 715617 119659 650171 711137 709691 479081 947863 975607 887465 744995 219028 80806 778941
724441 248486 87793 435787 61039 188467 998849 425771 333937 225783 425596 569697 131571 676718 501863 567295 372009 895280 459937 378543 666701 635641 639293 332661 55617 109161 616021 332843 271196 791547 208325 933401 391007 818927 154297
8565 335367 763686 16549 979140 347391 724669 764529 174361 268649 637261 801691 569971 107757 333138 339721 995042 800621 964527 296584 997981 380080 894874 614131 587921 178779 134600 942571 810016 80841 761874 27751 66419 351676 620278
31714 337417 876601 304331 484191 963121 262499 136481 512631 865335 852532 927957 627349 526461 915181 916208 403521 327215 491576 743127 710807 485365 514217 424070 433112 98591 803593 637247 80273 178714 849720 655376 443503 700165 37490
424575 365675 930296 226689 881665 123525 318533 962265 248513 197231 807261 853262 797 530431 609949 392363 475202 457881 751753 467351 797768 103193 978801 697021 829027 594960 419522 178151 937501 116656 320257 236775 201561 221505 608781
828295 500075 30126 706701 948739 914601 240572 926635 393801 30335 481471 342661 801277 794801 529891 160351 955977 158927 939611 924165 10334 101439 20566 694863 92706 373407 373441 756851 727657 870241 269175 562425 571626 207735 871797
224385 927843 724499 95439 181276 696245 519701 849725 952561 426945 907460 827013 82497 794619 392525 270564 935138 622225 223046 722889 965316 821641 191364 416401 459414 247393 668147 496577 564443 144631 510541 885837 182103 509456 905601
929266 380181 852170 171769 412161 102095 230786 619461 714917 149549 253305 33473 591927 82117 667525 943333 718801 906443 313361 762485 542657 911093 804094 411481 652159 792709 158317 131643 830385 599505 282765 98614 235545 596671 212921
730821 597255 134132 972234 142611 523217 615933 345710 527061 864869 795089 979052 616463 639391 399357 846301 91897 35753 852540 261167 840201 724853 758908 895004 363293 721577 123831 781105 805471 692521 335159 13067 853561 725835 809759
308768 308575 245573 941041 922175 65727 232481 283156 960975 679124 189315 388021 751377 89765 484081 960890 297047 822049 804481 363372 813305 903925 535242 668221 893591 295832 252065 587243 507081 669433 696457 198139 36601 756001 326101
511405 628012 367830 176721 156497 667844 768785 117505 384511 115073 705605 411098 737299 592573 935337 778852 829131 981763 244401 954944 140739 298396 802513 51685 972458 835444 94305 766062 944771 731111 477128 506461 561478 638866 381833
642538 920081 895328 74466 579181 332201 576001 992831 412829 980357 904465 204681 869843 221094 790472 916965 794801 101675 272191 528295 536289 611041 417983 617435 191589 842720 503649 932079 574951 138870 474881 59085 576269 724164 565207
399228 824301 387379 740514 552479 281156 784995 68200 911167 245161 936039 315665 739946 524965 886205 875891 176161 285293 217875 56961 751559 645161 140905 58779 691559 76666 599044 611153 755986 435323 927915 812865 332865 685191 491392
582881 157280 731781 144201 247201 735305 662051 171146 258552 457695 784120 544095 360641 210054 384481 733001 402406 80041 165626 859761 67441 826833 269336 952353 927625 144498 474449 113889 926501 455783 348008 334609 424826 626201 355717
424139 641190 490581 945011 987218 922613 393153 144128 366955 763784 701475 394581 948457 951705 868045 680816 269265 632124 276366 387221 711969 375326 319688 263896 269621 570311 192721 766501 166193 949206 361789 128193 181521 678783 874311
932061 734200 494425 790836 787114 274363 516887 893617 505331 334373 494957 973614 44677 529997 741833 472441 632709 495610 267731 228055 587981 643151 340569 522832 664601 612476 583086 340841 56825 591889 173831 514726 249177 374427 404245
734085 179379 980543 847401 633227 581301 758472 788503 806913 542451 203087 710826 637497 879086 663843 348530 366561 993126 915241 861001 340733 424282 449952 552100 648030 953901 723545 242201 734377 290920 699693 631797 702145 891899 64831
874745 859377 573270 156507 761583 475392 557953 329234 978269 996929 187969 629825 141737 728641 89993 232876 571617 881657 717087 204586 698233 213119 896314 609511 958312 508113 725673 748713 92390 823233 719997 151327 899300 643162 371457
424413 192446 357357 528021 242111 925483 335927 891323 248043 218546 403819 647677 669693 712561 893521 752727 414929 427507 61355 937037 57039 595435 528821 505974 572901 820093 982947 416631 167881 944093 47546 146523 76371 556196 367297
