50
190453 455986 317173 736665 249370 356663 154751 720121 421345 188401 108539 213793 492182 123921 643421 225148 798752 261456 29953 102849 540876 130049 631817 544257 231717 572349 643289 23957 268114 62721 820361 610413 384764 731278 239336 313705 146627 204805 502846 655441 624421 158651 234174 645431 770901 385912 573311 9511 795001 20907
184921 970481 131061 91880 570017 364946 869209 739157 548407 596280 250522 942401 809332 335281 561345 240213 313909 749800 745628 109153 344681 315721 339701 652746 678270 111717 192750 15109 56017 433176 732609 102209 458289 692216 306527 229441 821467 311335 405751 751503 453408 136181 345844 694421 125296 641729 450101 239941 991597 882261
397455 259103 484030 281731 251717 998111 735235 45829 869326 721197 138847 522452 301953 968470 981701 504111 145579 775105 403233 916489 362480 993789 267001 58151 867351 834009 573833 271726 121281 816521 243849 883009 382801 336373 632441 876001 130979 96471 937571 350529 534463 825047 958127 578606 189681 314569 261931 771670 577565 385725
226815 150071 49901 209495 11873 198580 748913 277549 657661 620929 688981 702601 741217 720534 16321 85509 644943 971989 845420 758776 158040 981639 686657 757035 199183 881485 656089 161197 603991 617081 244197 569318 58518 91567 370241 407673 812158 718410 365694 993833 590209 358260 89743 205127 345156 958403 936833 594381 744959 70771
563286 75729 102600 192993 88913 944553 510633 507113 871554 513411 538611 287193 592945 537247 562561 692865 220653 431691 771532 11816 645990 142901 917089 543937 451286 494333 226651 239649 968671 951457 607727 577153 347151 320131 694251 741121 886140 631393 26161 180993 469501 88341 265251 666997 539841 119287 896101 536417 51361 827295
729657 206901 496611 883901 628854 994653 412736 338641 409141 356636 370041 354871 917449 44538 756394 115288 297801 976541 721012 174235 468392 241705 917188 571257 831947 319517 207911 894860 377313 114621 337491 322701 508841 522475 478017 237681 423001 719837 34193 227964 912806 512876 988593 915602 672149 884425 859274 614293 292277 791424
887102 438401 99425 406481 724206 537460 673937 476637 813600 205357 187855 164676 995225 686819 49153 197171 914435 961033 854767 742673 875186 652236 989864 790902 79745 253316 817221 55809 244153 721981 892673 595916 521867 163001 753641 880267 375621 669508 47557 890171 916360 113191 287777 295027 517857 891459 187416 118133 326685 822989
562602 421401 287473 672062 235841 363831 363297 398609 874543 321657 388169 746211 74001 690726 385751 221761 796484 665817 864833 595816 896467 811623 335937 583105 190204 177321 779617 713623 262016 832563 581076 607880 570601 101871 861098 14041 470723 390086 576091 447216 81656 476006 185857 51081 685793 553321 17569 323885 125481 929045
53457 616737 477188 98491 435929 118309 349091 855681 497721 707519 19601 430398 905276 135865 417251 336257 691217 638163 2131 783171 816817 973527 863865 356526 588721 827041 25849 932177 42651 896871 368142 730295 825658 742696 992 662021 717427 271571 195792 783665 30736 186475 598174 91120 169933 568525 201961 301433 521751 911585
890869 480652 527034 261872 980754 967269 866780 591840 64971 673436 852221 33996 643169 529997 649202 739919 972026 493725 454998 820614 997325 309681 824477 810631 377364 8775 648391 292922 332156 215829 392693 69337 588773 455986 444585 397265 343371 221348 212531 997955 50111 836727 833194 237601 873201 911041 502317 648627 331321 942369
675717 766745 606441 62493 257779 456813 482497 334941 708376 200122 425953 142721 91905 154561 354190 892643 427809 932176 407961 235991 686033 586905 523361 195425 659167 771425 648461 991309 803120 164489 659898 742644 330483 89033 323288 436087 952261 664685 733529 6817 190903 974021 401409 872269 603696 652737 76193 451597 444929 342729
736297 553565 685401 237081 271046 809949 100423 361177 439063 220730 549182 788381 881951 518486 663377 57271 495521 596853 23345 81545 298189 370013 353249 864081 22118 816722 198445 797139 194767 71493 143925 170043 322257 352860 870027 2522 739406 298185 560300 60433 129441 515425 195089 808886 461216 444913 239049 420381 490305 781121
375099 327431 720309 37233 957209 878527 713493 62501 325463 743877 634651 349889 264421 708570 669800 435467 288145 825889 60568 572451 349672 351293 468241 153439 432641 125713 13126 872581 706881 478161 212673 396048 608411 212489 353636 587017 159561 936683 100257 734449 813965 466456 981737 729379 997383 858587 249724 291571 200037 265413
658401 259782 638137 607951 864001 518742 425049 801664 899073 269081 29476 175009 336389 412341 48586 788791 804001 503201 241319 976780 525231 450025 634886 497757 31335 488471 969441 390040 770521 860595 231713 208644 196545 669151 877826 134367 935649 821131 697322 832602 359321 290266 366143 357905 481649 550801 740386 423445 151782 523097
835911 245203 975677 905701 554169 854701 825617 528713 738165 85723 654618 485196 488971 240761 944063 425371 829557 64131 97981 960881 115850 374141 979283 249818 548235 540169 747625 378256 104465 434742 726577 779578 245620 953853 765951 904761 646125 970762 937201 334429 165961 411429 617756 379243 577321 742301 809805 445575 372251 6412
691178 133431 627165 845055 350418 404801 153801 647605 259301 328693 878932 471411 923121 676971 828053 808324 151456 972088 464028 978044 881905 821165 971715 840001 592745 767244 988441 164244 306120 281162 831926 237936 959927 709193 210916 143481 356651 757312 326785 909453 393701 608761 935291 613341 279721 17965 808993 748438 908377 31411
524601 981881 896001 875101 524303 406009 951945 427577 660897 864871 645765 380915 71093 154161 919963 587501 594126 963353 526283 198945 368209 149373 47362 578826 543269 499399 101601 455776 748801 142337 347216 102226 685589 524737 687951 300791 488997 328906 690507 991031 918329 2241 850053 695222 714806 371126 114713 113554 145061 744993
467265 463541 728289 463181 375178 822394 518364 255970 284153 594511 465361 353977 801320 410401 662087 289525 295947 780051 708886 751274 346521 342405 199428 974393 664617 820671 183377 503104 273555 958113 855681 771877 744027 380917 480498 836351 321421 208086 980706 95635 282768 485781 17381 585206 720895 606201 158026 507871 409869 861041
296781 707629 696405 545801 68236 715179 184242 208649 346853 678025 442121 297792 966421 10267 254609 159617 681509 840513 381976 263691 799395 415551 110673 363456 96438 364801 23981 329465 745589 722881 99425 649808 862521 711212 777899 175135 252901 454913 359671 235484 973337 128801 23793 133011 646426 697201 364161 809117 744057 744791
59489 182686 349521 979703 650646 715279 222181 918741 430685 860369 907861 681162 556751 857776 109995 247022 643651 495973 866217 510716 348301 602913 551201 548961 58960 670208 489101 769601 318721 200586 686460 406321 139085 683331 520276 315110 196445 394076 341184 564873 512933 750217 172271 64829 197238 722601 322946 622509 328065 752241
393843 328705 999393 469866 602276 919875 896215 858905 806733 769265 860609 275297 627221 414774 2928 787405 641281 285233 272265 727249 972097 657483 521222 296732 127025 129354 903561 269441 569197 477193 842906 548961 983323 298921 150729 798977 663648 52500 228401 231471 53615 616492 405344 356436 898819 984199 678875 378365 869049 456413
843033 32421 639215 485795 929689 275483 362124 763806 49761 708359 204349 483941 757501 163066 347201 815391 485845 527081 334406 360473 220522 468986 552414 630601 890457 425725 299865 136353 573888 624933 777971 602461 26045 292611 132241 128294 938113 95674 764277 734891 671484 419881 875017 799946 542432 554786 407154 218071 432705 669257
688037 254271 182100 400803 538929 766005 314489 960449 631138 902034 222507 635936 808013 165746 67021 395633 880802 117934 56019 702169 537298 561359 546973 300815 878454 858587 827633 595360 168974 653579 107748 88193 723219 207739 129265 729821 302145 872486 173777 370139 603899 824764 111266 510409 361651 170741 763204 840911 697109 724896
8001 744617 633381 80417 597485 108856 422710 439167 594101 54021 457094 932699 807101 10244 463469 597375 293391 383321 845063 515361 414966 197609 274321 851771 288321 87651 269729 991831 331231 934374 942481 916071 166475 877112 892301 847771 270925 102233 864897 231931 730595 239425 384601 59640 299671 433681 358691 897522 232853 865351
45706 961729 918113 182801 416540 880629 635891 893047 981699 936145 830766 763848 76611 515296 174897 598981 73099 985736 924696 842931 893264 534809 314697 870047 229739 404809 12501 401511 68097 289779 117803 506745 102627 475201 851376 665141 996241 951989 610198 344758 392271 244694 695129 282421 858597 393315 92516 188641 275035 349345
91564 134933 438803 105871 382753 470527 607308 91638 248946 435257 948181 592834 936688 46756 316691 707523 752705 42093 130438 649141 450737 419901 926481 564967 940041 52957 194505 328554 272885 609661 582624 174817 741127 209746 779901 501937 978217 101857 840553 271288 517284 939776 757769 411881 533154 483421 237941 283875 594325 419057
553956 721921 10415 140035 243025 870125 340466 167241 73403 697476 3841 562056 558473 911200 430311 455619 543011 224445 907281 848769 394466 771681 369999 537267 490583 144254 646477 301093 140718 264376 615071 551241 385415 360012 784289 911469 392126 347979 86177 534925 364993 331675 23205 61403 427449 807933 594113 119989 190625 933737
608205 93961 134332 584075 887101 546949 968952 681101 401543 286871 50859 455368 970017 522359 620531 290289 681719 356945 826633 73986 1841 303321 999943 56335 985953 305521 62945 493110 261954 120081 805611 59232 280513 446671 390269 503273 298025 441375 345056 929582 157062 159061 673217 928417 962833 416643 685741 567706 556125 42559
906168 787887 431861 961777 636369 156831 682519 818331 799435 912351 571594 499751 727518 50673 554873 883185 70361 663733 9877 850261 955265 546985 979550 301484 152561 727231 109943 628671 343341 3571 86049 537349 142769 658687 33926 743977 902873 515725 897399 325623 19493 919513 367076 8745 909552 869085 485981 939855 843111 35465
903178 236947 619229 464851 536296 80005 483386 941620 922157 762736 150675 459837 342702 417063 938876 772771 538367 740401 134297 829282 449252 553809 821006 804621 292089 427617 150996 839801 162389 524081 733841 804629 487863 907629 926211 651401 824107 110645 804465 256893 268850 55327 108481 848421 54341 749704 328329 989766 695461 836763
264209 430401 332843 392569 819729 378283 762557 814795 187783 101959 178081 493373 469666 475221 51599 570241 503311 768546 90817 236185 21355 610988 163737 427101 958501 329316 725781 970660 560966 185429 289721 134191 976345 260161 245745 553263 702153 554445 671701 863037 689081 972817 209735 179001 881389 319201 50617 54573 607038 229850
638635 322466 96531 302413 393873 130827 978383 243791 655497 67770 410023 851149 165866 187141 460813 839849 868153 203677 196025 760091 539353 791981 871624 155469 602501 16225 138684 376077 796115 825385 630809 137949 68593 87051 283421 498671 718516 127988 897924 127071 713551 675753 346249 643089 704551 766728 129043 472048 963571 541061
264920 142301 496033 230673 103655 332207 584051 255331 833681 88601 124985 433649 897126 170957 231827 181189 205565 881214 945781 865557 743248 309801 982591 218482 136761 106834 734373 31806 157096 655667 504256 69513 92714 375779 577448 52406 624791 359341 569621 454121 703283 462404 515779 764174 302501 931049 17073 368311 748369 500501
649599 714324 103479 550535 232436 948049 994005 790081 733451 93733 806821 320513 224386 562497 915323 841316 142413 378141 859501 107201 433979 97958 908417 726361 382689 997691 959907 143611 589021 966757 637971 47916 573583 571693 914317 520720 281617 111696 637751 642167 360062 138807 715781 323105 147997 311855 290039 153795 140738 433767
168536 248601 242351 299894 9446 53012 657153 623257 723201 432067 570061 269542 758233 108834 994563 936952 795053 113696 312881 711366 532901 81581 979237 671433 564374 35109 370737 728303 642001 329041 657901 66073 313443 41923 856141 600001 376325 3265 374946 818984 97113 748897 854481 786550 173751 762831 305121 554337 775158 571921
796647 970667 721059 383798 344961 744941 527785 103771 552249 254457 171761 845698 249593 770317 137748 104542 270517 306476 191801 623678 135945 521165 28524 855721 426831 883421 594387 635937 97823 148775 122631 643886 564294 782583 661191 958331 109043 593151 459873 881297 158639 602809 521996 199360 913285 569681 956136 78353 830744 927721
425128 194116 523112 177425 461707 625001 750724 855809 810121 827127 622506 751674 617491 333501 761468 87811 789206 229117 87362 160108 657706 240869 313801 999117 954401 51825 536876 164961 955552 933384 769376 777741 204667 330115 808321 215068 73223 90076 930781 661051 697481 562961 922569 768428 35201 938842 118889 70311 973505 101935
33841 865781 952106 857006 257249 524711 753377 209171 436853 765296 358046 641491 456094 772621 708473 174817 797796 163376 572101 742773 26361 706336 784935 944569 662904 611521 746449 533970 793171 115048 405257 800866 42186 928663 813685 849939 798871 659921 628621 594561 566113 55723 951376 251405 269401 469521 475207 681289 340579 56691
455807 802383 409592 18941 876529 529527 623910 383129 317421 762503 442201 749801 472081 776171 115033 522491 32521 50353 555201 938783 418261 404953 865397 940881 145761 592602 697081 579301 267751 585255 384951 861081 232625 499056 996399 911791 714669 182989 226013 74677 555020 735009 309359 639558 964281 674623 476374 90545 62128 353220
464131 238839 54371 779803 931703 602687 90631 980737 541664 509179 129171 645305 867250 655107 946361 414044 496326 443029 185129 753329 667891 361440 11557 6443 888241 915416 434426 911279 666851 709701 360595 916984 273329 31289 323998 256746 393212 105571 606465 639445 987905 533528 562377 689895 228961 714037 411403 326066 205439 271617
70325 555331 362051 565532 258311 350376 939873 833901 549400 546470 602870 750653 509734 724991 842412 151509 705089 351139 954805 481267 404133 658249 129489 10143 272193 268625 44701 648325 388561 267823 131401 157751 873931 708561 29961 827711 553951 60849 796729 524691 748757 86681 795525 495037 638356 343725 878193 529210 583093 329610
91841 227236 907271 563150 284172 256536 211018 122241 420575 793338 597441 709041 58113 160721 568535 998961 472767 101786 591681 882581 923579 598356 435197 66749 309498 136751 927569 659343 370177 35834 122211 501119 946862 227688 215221 833631 200376 265045 686995 83363 217188 632099 153989 625227 325761 199067 134121 591759 620229 648955
694307 495556 383290 638497 345276 822501 581939 677593 175697 961141 751451 332632 489972 885929 582656 74365 916239 551597 169966 835545 820193 465859 359769 823355 290885 619681 270359 302113 687785 469713 456678 318833 215329 205869 193066 899697 868776 235378 370202 694831 863295 947025 434621 440917 843626 253185 593345 348345 989889 10865
641257 290273 35721 484824 150493 404775 576056 332483 715307 930041 335393 283934 911509 426041 853186 105825 311501 924689 604658 692845 924063 832395 98640 706385 360701 394225 140281 645793 436935 794486 888739 523651 308601 486732 540045 466047 920887 420766 484377 415297 992165 548323 630374 622177 445817 45313 117541 307897 640279 778067
895451 875863 113806 701753 954917 984299 506516 260358 604401 745557 602001 292809 44615 702219 784776 711951 423861 246808 279741 194549 581533 149697 651801 1662 772257 339901 981825 88591 214681 824622 987636 149053 426801 144681 884409 718113 236421 364417 687104 160513 933909 495348 662789 95655 146699 599199 624191 810847 600068 139175
447946 445090 799850 606935 65029 666645 902865 561639 459529 902019 203572 826773 307471 142016 598537 50710 971782 278577 114579 781851 747143 444342 848344 204973 149121 197706 913601 238551 107183 34925 964701 846126 204129 267141 383731 669149 193138 317611 383635 736473 859371 364295 407151 882781 730191 96000 705389 947503 207855 19715
684476 635201 801751 100642 937537 715261 632558 362191 695245 792421 69791 137341 207693 212536 252325 922627 972179 708497 58017 123432 696225 487157 374269 268217 11038 485440 440701 583034 764501 778381 143634 739395 796879 773217 587038 368210 945375 243244 254305 517145 792426 727581 383779 786845 821795 508813 841681 545233 43513 907829
677720 416267 497761 491779 684581 841119 625877 491593 239821 918121 925083 850227 861357 593127 611631 643991 466293 705164 438921 789635 533751 372085 718061 694856 905431 322682 939715 834911 211175 616321 636659 653563 624055 589516 635492 736116 824985 799381 508066 176261 348921 689215 682851 405826 57770 807782 202141 17051 161144 349346
32161 868438 130325 611153 435345 952393 169071 885336 71899 94481 773009 109249 49737 827157 115929 731964 299681 405991 118965 840630 256209 47901 802626 703051 275956 766919 689681 509653 857391 235381 550522 84309 719751 472461 190965 138709 24817 144236 68518 602789 804751 19009 699073 524151 209096 603966 184779 729926 184061 315781
486502 645564 385273 704075 703281 236440 417405 603007 399501 73421 32382 900331 147687 168286 650864 921031 629385 732801 473246 515345 554753 316481 362001 789009 395127 507840 672737 202489 267331 906913 582681 160552 742758 296251 181464 194945 908803 38294 221661 220891 755825 735209 972977 376673 514667 648679 852758 181409 560001 850889
