75
630489 996412 844324 768646 371221 527201 241277 848569 832557 679584 273228 641547 867319 249235 14501 209793 909561 256782 516785 140901 607201 902342 619350 901511 984748 555538 908189 894521 975291 194213 660809 779585 514177 75031 194058 909857 775103 28661 362536 352714 475668 152093 751761 660581 99499 418192 266701 737946 65342 888345 57641 211226 138185 315453 998306 344251 283803 781001 925785 776511 337982 562561 479757 381369 227178 979020 820065 110151 456001 127305 834686 29556 415477 797247 285729
783609 153751 253695 824121 7617 529212 983967 301581 846879 943091 878573 153471 161288 610721 328279 909436 139082 876661 831309 836965 227599 836413 143531 166091 314881 156173 861601 654065 838207 121919 960795 11891 155841 38809 274793 649589 767269 351761 293681 487809 285153 13017 155737 954777 923621 414173 626745 703913 703027 286113 174287 689591 155766 82528 357149 661921 335025 315115 569941 834961 607091 808001 489379 606328 313450 106723 993006 614873 32174 603607 8511 407385 933189 104761 775826
991482 788456 765721 454641 315723 51077 909045 772201 205181 410648 137137 552087 370718 829931 621952 59604 925791 912087 352795 901967 929721 892809 499489 436033 480043 871646 238168 226151 707401 374623 403117 173817 89779 854391 837191 300481 263339 40465 587761 335192 778541 719369 897461 233012 76707 862761 739156 551501 305641 313096 192771 961601 227561 152321 620511 269312 280752 981336 359485 421769 403776 361926 300921 127799 21581 200851 406251 442624 707946 449878 492793 211025 708641 835444 713291
11956 639649 202751 32238 91588 140601 477359 479445 523137 145281 521419 166481 562386 682216 661899 846745 362777 529062 449177 204996 991237 147231 952661 987101 647777 705671 340086 855873 888881 694855 897672 983329 285541 216357 483193 988905 896181 651501 212093 543780 247137 913405 60795 199181 515977 55082 473901 950641 711459 737361 817641 915337 740406 450854 622689 415873 488101 693780 537869 794119 72994 719574 496466 396921 647921 864746 153561 65097 989126 624089 216571 428061 64640 394716 625001
606281 489899 626929 82754 74129 716701 162020 398017 758109 596995 206523 107261 106791 529160 201717 187185 586645 311831 45885 705165 323251 807347 558767 853769 172247 442900 335281 169601 792409 473276 66131 456531 294701 269213 71097 427001 407751 211511 279399 548929 985981 655389 249591 73746 670920 49501 641473 63575 326597 243601 865051 978765 90441 542513 80198 507465 397301 941247 957883 952077 637109 767489 71538 281722 140945 177321 520176 404063 430384 419937 465652 634099 590959 436951 185379
163417 2075 333189 720521 463457 478579 780941 710276 23153 87031 824289 243645 544401 564571 329285 684501 727349 352419 772558 1841 398077 234749 587577 413476 586342 28600 203533 941045 929793 609823 482466 80049 53053 360386 704325 489385 917089 125835 336411 708651 638037 481021 289546 923486 40909 303710 501057 934837 788243 176203 128801 847941 138087 44577 725041 301245 449894 466469 679801 278251 753731 110961 217219 625649 19006 100201 319638 387136 254924 375336 338107 333136 371824 130041 282369
424969 811726 819366 466691 864516 521105 722714 769777 638198 24982 967097 797543 48229 959292 715554 696520 297223 884823 389426 511743 753181 954417 754795 656009 78284 531813 435948 230301 741601 668273 513545 900144 177169 859627 771899 700369 269861 5841 647661 981073 721876 318761 944649 92953 76749 782191 167386 269225 254609 596325 500586 290727 749373 730989 431509 34961 704228 609494 644943 239346 478848 993491 819561 997366 294091 986469 813851 220291 858141 217121 477234 965789 717382 684665 652891
847597 696289 919777 200278 242581 406302 65743 693061 202534 361489 801401 745791 144793 84243 692785 938141 494705 228200 405067 843833 998837 866729 379860 325256 985473 294036 828765 301469 964501 895901 797607 965001 348713 427706 258773 631009 429526 431430 632269 363056 681537 500829 518484 946465 456505 28181 652801 671206 486386 352883 434786 539385 233621 12729 472802 33181 329017 409311 852965 395001 629925 774434 255235 886683 625335 163901 24003 981795 124141 629736 821626 211683 704797 467135 216089
125067 557061 758246 127431 867218 711621 806345 488610 386601 89779 851055 737981 74626 363271 879813 503124 866475 826103 845337 674477 18377 408765 743167 306731 704793 970385 970721 61139 246593 183277 494181 100591 167205 508526 690949 242669 117151 912463 670529 679189 824961 763082 55687 61921 447956 992463 182099 29428 88489 498141 82469 889223 123823 221525 130155 198437 611737 6930 100189 945801 31332 161394 301545 807670 429051 885822 820560 453304 66603 924251 466858 532389 407473 400545 677673
627625 931201 708600 164142 17966 485753 178501 583595 969217 836865 792254 521454 787331 873889 507312 114801 135132 530482 768869 416295 430643 69731 888684 241306 629976 759097 224201 747786 79851 727132 772161 123184 979311 819145 696195 502457 219081 537548 298909 103603 659636 38987 932489 381241 985647 830452 273857 525169 727337 951187 268695 590141 487813 270009 551673 110039 429373 147369 796471 459376 317464 68903 464181 78353 446022 584197 444248 693211 470001 982081 523146 238771 739183 15617 216481
150413 342371 649443 19525 267473 478325 675281 732545 437043 738793 225611 815436 44733 270942 598535 699464 823401 728481 838967 939318 4978 112236 673992 677099 407257 529556 530639 575829 177953 650340 894049 170818 112989 326591 554131 264191 967863 533205 313996 382166 180089 550841 327209 60829 176017 814036 409309 336481 478795 301341 913739 986553 486901 407651 66111 490886 964089 119445 826795 902834 447101 139801 443561 902551 98651 683869 603481 754543 588157 157627 384005 978999 658903 119306 897731
941378 987241 657849 572561 47531 683513 510141 548933 190483 640425 722668 102651 822104 931083 395953 205285 987411 532177 780018 929761 331311 983492 603217 246145 872009 950769 660121 595801 874285 905623 992428 722402 115144 471300 730713 477069 98336 320815 58187 924853 386645 433393 413421 919960 746649 975326 287183 656519 275110 562401 789701 484801 862153 597889 27577 955501 610480 332973 408066 987181 277851 540383 559243 429498 246269 917849 499457 838341 84977 425841 547697 426979 350811 410177 172036
848705 600083 44670 898693 299077 460547 874289 126685 659577 339481 388126 180927 835201 531107 458866 672061 805921 744002 378993 365084 367760 522417 244719 509424 11701 542703 981020 33926 477318 16076 708093 840121 354945 927001 925701 227397 908725 594678 425300 928789 164865 990357 254105 938307 730042 489802 529536 590385 114701 465951 741269 260144 102821 437045 501453 163061 620036 372835 952001 118289 757235 529361 960932 574168 974865 207405 872040 972174 283981 570517 742301 199009 650901 788531 121454
469185 83893 856621 859861 572245 723873 200895 351981 961453 747541 562259 332466 63657 974992 351901 44610 179629 671759 868822 689761 337999 593441 829049 578683 806593 918501 677913 526886 683875 211533 893380 280629 312001 594529 160302 282236 185451 280825 737299 883905 896181 313278 973002 830978 327725 394577 929437 504205 378946 896789 269433 746362 941585 294989 228685 541536 628882 188224 450641 318073 863883 786527 834705 162356 536941 455628 21313 485743 804121 482691 983046 249057 544077 418223 454125
119196 803324 692494 593944 772671 38801 112378 632001 792792 567609 264481 471093 593753 5901 847857 174311 911753 204476 599081 944540 736461 593305 812321 596856 156691 877041 542881 911141 503401 857543 415187 381488 701057 286075 938271 79901 517173 388895 652455 942593 844841 639009 910119 719441 587681 59618 625049 725473 636351 330881 592575 42201 858013 249271 335398 195001 737655 490241 621617 776141 886527 919266 266121 329231 342633 194101 817377 490855 388856 875971 915509 25251 481 459261 770465
505237 733297 194013 95781 160979 487693 601745 636021 136459 98243 371969 617301 381997 606685 935365 663702 775201 928081 501433 266783 487532 109807 614319 13701 698089 513861 381752 904133 588741 375271 365059 749593 447281 434897 609126 475449 851859 308597 204429 143067 844038 555801 108401 47202 707743 999821 11085 852261 221138 271609 516419 529281 418617 425765 922312 861001 850199 355485 109441 295686 426395 17091 290651 277025 437252 233951 652489 993239 438673 969664 651603 285153 524501 192689 877725
341791 523521 365986 645841 412476 212401 232955 856126 239548 311211 239108 71671 40745 407732 285041 398465 218134 92193 315189 586625 661275 592938 446841 271089 461514 482849 718257 789611 32727 880956 879849 316606 347729 291852 850313 804385 968441 599863 108508 376017 727128 155241 82253 336351 234241 485767 271077 628745 791013 611653 411801 273537 762069 54915 750121 447400 852429 330904 503613 981889 785833 772586 900921 134473 486876 194620 346691 244481 128776 648605 729511 160861 553809 156039 542352
661215 421952 239609 242228 772979 210940 439041 416775 431094 689681 308105 402897 995657 732706 843978 218761 211649 356181 912877 363773 946553 283873 347086 522031 523983 382401 487670 819657 427961 754790 203705 487887 109252 665701 927978 546151 843997 224506 148638 139451 834969 588717 32366 398401 304066 148701 572369 989346 573641 486729 451329 153097 160899 807454 396481 482273 375821 468766 579915 441300 376668 306464 293993 308779 276497 125547 12921 421396 705676 653697 318607 64763 940837 731498 716868
525953 710641 471991 155305 487085 314250 916725 377195 250381 520001 722068 708902 555823 939285 565551 320829 674476 776801 521313 727391 910286 503181 962861 282201 428446 759340 309889 870772 368595 630034 44689 849051 779486 350401 330723 374368 612420 954759 717561 433315 933507 618953 192851 899090 695042 659673 46201 31871 487514 724039 871061 925126 516545 830229 717485 89310 497688 694889 669625 164393 721832 19297 240441 363721 278318 940081 528241 356161 514045 775297 860757 611441 826113 468128 334539
458595 340147 345721 955645 777826 199425 183861 854307 641846 777736 617551 535111 611981 505705 896147 246977 750689 666805 232791 681111 599961 425395 744501 748993 189677 978533 670679 834591 293715 389521 54885 131571 722133 761281 132808 309619 707035 828401 262767 386900 328101 294946 149649 714376 497797 499291 117798 818486 861986 111365 204157 138838 828045 659993 221996 822488 715276 458741 199311 839505 195113 928536 195774 628045 923769 594532 882801 985399 402303 200228 489089 535821 738451 258903 174975
380173 487751 377191 281717 209671 561081 924273 143711 581825 631363 296144 507347 596833 609664 968381 962406 752533 241129 800476 954243 645367 309073 87823 220761 924711 62367 517329 141897 624323 239764 409895 562441 284281 88354 955413 365791 141704 853137 225633 928185 165817 407487 332523 328571 25545 486946 552029 630110 757389 724927 701851 390241 324801 299607 122021 467011 692927 403302 621041 496266 432175 808595 379861 983671 695254 934489 89509 155145 333141 232174 524301 129565 240900 803025 232931
71683 478495 739317 237171 279901 271501 370665 664759 557699 629509 142629 831724 525293 334817 378665 91568 12586 567381 608751 790057 9567 78593 249026 791374 358153 408381 34326 59297 452993 86417 590865 533835 772571 44161 829693 431611 43571 395785 26661 523882 619373 981391 645327 136617 268305 906910 388541 445636 651251 37709 35781 281251 213653 581267 867443 948745 452353 890580 57441 666035 963875 625253 231627 679813 508185 303583 40157 409001 470289 175373 451539 932693 941159 424868 644263
555628 957850 628949 699701 936706 354212 821601 293093 418993 877523 989554 389661 540559 667813 816913 178849 294561 82775 595032 361659 833973 999537 751505 719091 795972 451716 120126 412801 18764 813599 837121 985217 148481 383754 317045 594226 822665 547731 846945 675445 571139 258771 956708 814749 516711 135031 895981 978987 62021 212801 785937 12088 64961 256531 185603 85761 349981 972661 63654 141126 566638 990781 856651 380969 144791 926846 877401 871261 894201 98521 464301 551985 556839 930542 421761
858073 536305 442693 688863 385721 237729 977985 201331 323370 472506 843909 262479 460883 221689 776253 67840 399513 62005 768427 543722 38227 506997 119193 782105 632727 212460 388328 521798 829137 965466 288015 756897 836033 961379 902755 606436 368825 368545 318675 950223 327469 458681 498413 662181 714701 913557 449701 282321 5997 508549 567071 929833 343511 198641 130933 251794 948505 609541 591394 166997 98723 372298 663816 77916 248836 843729 365413 459193 796737 49201 352021 671803 966351 421641 684141
289572 439661 436376 515483 901089 909154 246849 335513 327094 875187 172806 210621 209808 160022 980373 862821 791492 87529 801092 405203 590657 402301 155209 530349 306360 495349 500141 407203 485666 382142 493983 572179 360761 713409 536112 908191 162242 277090 135794 982301 101651 602219 540806 80137 462401 96191 729236 133947 497321 862445 812309 800353 316097 297601 397593 731605 167269 997371 699551 107402 61953 910936 980921 970867 904897 921519 854629 209537 545649 33809 77697 85356 960611 996060 386361
143841 246441 494221 634140 400453 394429 947897 367649 714497 157235 328444 260625 779001 58428 882663 508501 103853 567541 242373 308387 324903 396181 318005 234738 540959 484913 764599 658889 700699 229721 734337 713801 536665 633096 229251 606290 331077 9341 463309 755661 723441 497921 37589 893167 206798 920446 635169 426551 753725 101387 633895 832326 65537 614791 793401 667651 856273 201150 332179 126971 579841 888161 116811 198751 494468 846896 911490 178297 396161 182810 635217 142001 479005 329985 742261
711751 530501 943436 399541 236291 240257 928196 47489 71792 907622 613171 856721 174801 9401 48734 662763 763861 470353 736989 116705 334851 881033 21346 406071 765609 95550 918117 51999 5136 927566 303625 460001 784685 537327 856001 753697 168131 994001 200951 466465 60685 288763 168994 452486 431862 415569 810516 169950 362905 547993 82972 802841 72967 488829 675155 82495 419572 224571 468985 799109 838205 475701 77487 747355 987913 704921 716321 849333 970813 984670 598366 267361 873301 728953 214160
630899 973009 616805 404381 665096 329705 822170 473273 824389 414 227899 952191 683979 729089 387532 812551 473501 188228 980972 205001 319361 835343 870816 100413 740976 157323 570097 791241 604569 845601 31520 999226 195001 454907 188387 934589 517751 343789 276074 952047 254526 525797 876822 150693 948486 236737 952689 388369 853842 62139 455317 406470 566756 183582 865066 624603 320736 375107 553256 695511 388501 279586 930081 957627 702789 697505 846843 473370 54992 785947 764813 159789 357921 238657 746637
68891 176333 509696 508349 297689 170433 575961 926429 957451 196001 969473 549417 220253 942512 309216 305665 211523 466937 90124 249169 945101 877661 741538 715676 491521 216539 498076 819272 299905 292061 502625 348977 692037 708333 111988 371353 470944 289169 22230 742721 741449 14121 612301 962923 498991 4661 144596 307701 661451 774121 12777 352312 644926 21701 1721 129311 486181 517461 720001 320651 21359 416275 985501 251917 116821 638441 702474 992246 758141 682185 208197 794601 488634 374571 272780
132201 847361 343324 496894 358608 500235 954733 810041 543576 583073 539293 396255 638527 568870 517254 985193 168101 394305 758345 338165 262259 229087 562386 99741 490531 682997 688971 280224 523423 420611 864429 985137 839251 811511 795257 330551 238037 485643 719828 10537 610901 932233 567416 981982 61924 196790 486929 468675 502961 764442 257354 144376 149743 981696 261353 860481 232091 632465 874805 940626 317683 113146 281656 81112 491656 778781 355784 781545 368876 812901 876626 951674 705161 780396 42601
434161 451462 782832 291488 871134 588689 646101 245021 588875 665729 158797 841463 84295 293231 434907 449116 450855 354853 347351 150792 300669 158257 984881 801165 348548 156117 391984 485631 197691 405385 443841 727657 398145 589029 350521 115946 544291 783479 87441 98761 627588 270451 885953 477045 502405 772923 903541 235031 173481 708033 705271 287081 600168 923105 275689 87639 590305 184635 82334 700093 528723 206953 412013 19789 786771 314565 218721 461345 567468 899706 809649 863057 391169 276140 918757
831926 880349 395826 439003 847959 517481 184859 595205 288794 205996 957817 917005 430501 980847 853333 295561 141046 290881 881339 476771 629660 512339 357621 243602 550941 196093 134077 511979 335084 186599 307292 656601 678483 88564 277130 926897 740916 254353 311133 335167 909699 230703 516850 511771 737656 781540 397456 152882 825300 22873 849858 638323 558128 122111 549879 66041 436961 866879 986092 694926 873177 619977 680061 552579 409501 990401 456201 918251 502251 851227 287681 42804 526921 999715 256407
912359 255249 691676 282381 81418 122519 237689 500785 965312 719929 719915 588641 521769 651077 654633 193111 767891 84653 415149 140373 376001 102375 309866 127996 279271 810545 666865 380458 777981 641446 583681 886981 982055 863467 537902 280181 315351 223597 375663 488766 466107 493134 731089 324802 425014 427903 352031 986833 681442 135683 388801 133554 450833 848994 265905 494677 959276 298033 724423 595739 966925 644583 590970 427889 572341 148626 295873 629855 568545 176337 122636 322289 317591 636787 67951
221831 324014 799261 726709 248253 806693 427611 452930 486785 647297 470963 195201 97629 777141 728734 641721 732825 313613 947726 382026 184969 403141 246717 135097 994213 662881 318877 687705 45942 513521 769473 538156 758837 121108 180453 310101 108985 481241 633972 944917 25172 527337 824895 107621 510604 595905 150247 690466 480907 632441 944089 846340 141036 888886 293724 441468 760001 853797 88359 638989 199027 424626 597119 106286 461679 126593 483105 181271 491515 662824 914083 908273 662870 379264 553111
879381 329866 278710 558273 413050 371349 149345 136506 977161 12997 266969 41894 959571 798734 767008 959003 940287 312690 244501 70849 689809 830348 211469 64441 106178 834217 745481 424867 849605 711685 673061 804646 58537 127575 694321 506771 684876 163343 962759 410041 330065 679943 809613 797761 226633 130449 388761 878081 867167 749347 19009 366351 352113 850401 88426 356817 195255 98423 684710 213982 814455 712503 480159 842641 363027 958367 511841 562895 857905 817696 804708 477178 722381 148701 397282
382609 751991 437307 590855 479113 212544 526419 299775 586031 76709 221681 503001 689595 442209 906865 832620 242491 267021 9477 907301 985053 817121 437623 485418 437929 389993 562157 762057 52297 467549 473473 185258 188337 847445 574666 492187 331631 857651 982665 834035 172110 304833 988666 474801 966481 73576 739091 639245 466797 327402 78187 126149 429501 732751 868101 767946 389981 547811 994842 900138 335059 981089 312155 978444 681266 316675 350634 658117 756871 221036 328681 812270 61731 465019 483425
661870 818069 474945 650931 278351 641722 337514 67036 329011 608562 78005 817509 113711 559235 924429 510151 178401 986119 108376 511998 107451 755023 234301 408572 67701 872280 847061 144549 409567 972870 673660 927167 836486 629046 29357 985317 963341 24204 583681 967577 271551 457301 632347 108286 522305 505056 608228 421953 313274 136657 657701 587221 974913 336299 249001 157219 510017 369570 582695 257871 221377 574819 909315 408489 823104 466897 618001 294063 84701 462959 666256 762662 425146 288919 381141
537934 433124 930765 338781 633819 188021 485753 391146 612171 342045 251031 530331 642031 182751 953401 793898 138420 477928 210826 811326 401457 11201 750397 854129 921892 559725 388499 816151 118813 253786 383985 777863 297652 438551 479405 463616 138545 415621 204968 189501 977146 674345 998662 277372 525601 754981 446611 341537 315873 666083 871967 352439 804649 485121 802794 962817 460675 820273 467441 634313 763003 920681 957462 612133 231783 762486 162559 139415 234803 307293 428481 205181 603903 437051 611531
504810 299281 586627 114582 432775 265979 158951 115210 903051 894376 464866 678962 915093 989639 457281 135505 674644 30371 97556 798663 454561 909705 570869 383490 508959 317476 27705 689791 612485 590146 162346 977501 143617 285665 897643 926648 498593 22700 817400 423973 845409 750901 592737 84571 954106 612139 403303 556281 88771 362560 5915 731821 455233 598009 726857 291060 800574 208309 15464 869376 602188 963693 594633 224531 264989 719011 942397 616721 179959 544693 501366 14137 922520 12045 515329
64049 165671 895376 477664 221436 924708 101441 104805 212267 553013 653566 302749 158791 54801 368306 268453 486865 770405 73536 476565 675681 403833 613513 769501 243675 790129 830351 512405 328300 496301 559741 766094 358069 814253 68737 739509 767613 296231 124755 908300 747330 134241 335473 40001 185851 391693 667369 65823 108899 782945 66261 172359 310325 279046 867202 548936 858441 861811 131829 997201 993126 283313 654417 128702 552681 889030 90544 731689 329186 203795 355633 800106 262799 428493 694297
826504 623731 601066 907921 244769 845397 695037 348629 168575 481131 737870 743497 506336 737217 217887 338961 352975 502801 777877 950896 553716 121430 549295 565501 382802 597583 88241 567029 102545 657791 772421 35317 358019 211201 991751 238812 54566 17089 412331 285259 456521 917998 462779 987691 219535 827861 446305 982713 799945 296327 247449 950939 882017 779380 167497 787660 802731 37126 793413 965401 642169 555395 177137 714211 458888 7194 932163 291989 295107 5005 895660 293117 448307 628897 234321
974459 725361 898309 777994 322001 120001 796291 360659 999952 17291 385669 476801 781301 691670 323333 382550 276692 628196 320646 749441 813314 77393 491329 649361 930105 804061 290589 346481 966431 288369 865369 324106 784895 921957 308181 153513 405091 606391 265245 611261 743161 306106 87276 511491 469601 329181 391497 859321 99752 496593 631669 851303 634569 137396 269820 911841 616833 779560 701871 702284 346580 418063 265561 193583 282522 832485 482625 577151 690593 594125 525555 294781 634234 320979 592901
602645 613490 87827 577076 674271 60914 999689 697037 869345 246541 632089 906973 982531 139324 229489 773459 528374 473720 304569 96801 700470 846883 672489 712541 612761 112539 137177 670257 374919 249009 611057 988743 397481 189512 554497 333923 46849 583633 181151 600625 60595 736084 776211 778192 55129 115731 796311 293141 601200 207673 430965 768425 539937 384609 68666 968329 283616 96421 763593 144001 981368 40303 193121 474885 128310 255881 474281 134137 918233 15557 876421 860626 412129 763823 894135
865319 578401 794817 598061 149099 604345 893286 889025 740465 686502 572377 579486 288708 353995 480761 819867 403609 601803 238086 144534 396405 99751 932427 160033 779965 419311 549371 452031 89057 672599 47809 604551 118798 603331 78439 450959 975716 238335 354006 703216 192937 916361 393766 756758 240986 393057 33457 686169 959140 297207 482641 671833 951148 935361 364741 7492 242785 9769 78556 104289 233015 551733 384824 473574 471961 937994 185097 796741 48084 328277 481285 651321 765615 194866 292182
819667 18843 676946 428083 937098 773940 364437 429871 753761 976535 204241 87892 797863 896 729638 364774 875911 841869 909971 518861 850561 98769 955666 386633 650171 812225 375141 428391 291842 805991 344967 823861 707785 341649 219197 143681 928835 74346 507780 903846 682077 270717 407351 828788 189339 674078 743861 831517 981639 522550 457425 973892 983224 800639 659345 374897 18023 919922 618641 760199 963509 187797 797019 626192 994720 306142 46876 75969 658633 180583 683308 299348 319591 804065 545405
416281 434715 759681 322865 638018 149337 881051 726629 696233 290491 977115 774421 456739 436817 478645 851246 333089 433775 475785 93241 493931 695119 123332 295161 242045 290126 660625 715935 139693 680461 421439 155681 647682 856833 878597 75257 420305 552785 884093 568961 848353 103517 341057 138753 777671 347844 558305 955161 606161 136323 918408 697761 997805 902618 657011 460620 924208 644707 515852 463962 118061 139521 456206 90191 81113 583273 557106 928477 83061 921238 376079 903369 718261 455261 512198
243121 142973 48192 314134 350615 617151 566217 573671 231355 543972 298240 817137 237477 32060 286830 188597 805821 476027 72071 312501 611481 396665 301473 775405 284739 999923 614993 746658 28801 772689 154601 788662 538081 264409 586666 505321 649681 939541 416325 394461 557467 926625 726207 51689 411133 460126 287718 83251 925921 152331 350461 108943 390801 993387 787618 342283 378768 434961 436872 655371 28153 459661 700647 360121 267584 661309 255871 834966 79901 436821 898305 335895 364840 981128 645223
742221 643981 872713 224495 463120 693885 976521 292199 191345 175310 597121 398089 858361 885409 883526 50865 805375 977765 587446 289710 797061 912749 136001 718217 849747 704501 680573 211981 243161 307011 427405 89421 26283 595293 912621 97403 905121 183813 289233 3201 579009 923646 966605 20329 761529 497356 842677 762524 933391 570240 555740 871105 507096 505988 444967 31949 989306 122049 12661 54119 699955 190802 187876 582347 367767 904730 506251 55545 338629 363997 44821 956487 232667 735111 628192
255997 660281 561227 996633 479801 540326 474113 804757 469173 192221 253481 953619 45339 251233 901617 86561 553882 405806 178007 798373 54011 759633 252177 264139 17000 34659 399447 807901 74375 32353 664801 460161 983949 244353 966470 298401 249566 462393 359885 678273 328175 834585 808893 64285 868116 296513 744469 747457 111881 165126 886937 317684 445921 821601 351441 24993 92684 187323 285642 296346 967231 499769 803747 272465 674838 529841 911540 165871 304679 445361 283621 755201 304668 354064 349126
747351 929175 740423 48773 680820 753075 963052 824161 279821 138432 850675 977341 55833 547086 584805 773441 18771 298737 892983 713959 191821 412009 388001 340419 506751 366865 445189 147801 121123 651351 345407 581477 507807 514897 619633 421495 714246 655475 470781 273041 838431 666413 729075 357801 983537 939495 408877 843018 164161 351333 567917 351111 37177 415202 686461 173117 590781 859697 384946 574273 781697 128122 449681 311529 94667 439489 978969 409385 966351 967742 99021 570687 196691 372469 715736
109225 722911 964485 18181 700926 35591 986117 725381 955001 12206 944099 37721 124361 997435 621321 522701 894703 450913 161369 837433 358634 469963 856089 597681 340173 133486 729775 300282 528972 731601 324997 361274 359516 850550 669089 925453 781206 260273 892301 651185 878572 813476 602257 851221 664703 453961 414055 627181 975651 995539 152281 758215 586423 488585 722401 348441 408985 32407 897585 495823 308689 546145 526710 350693 7571 619951 429121 452801 950656 419942 474821 805675 809828 642089 281276
120249 124001 401141 746145 76105 349293 538491 773577 795458 454709 6621 220118 510324 793511 186936 554768 798981 915930 848526 706663 783863 742145 399362 538461 874283 703421 841966 759113 508506 927082 593953 85361 775161 418949 519909 83851 989462 121361 332355 870001 122717 94081 934559 142489 417645 848910 149290 270426 934395 423580 849033 509529 508110 103056 13995 184826 225997 571281 804461 655895 912426 253471 800226 150934 151521 903131 646949 269523 140239 548053 48733 113409 423937 918681 251738
210961 327205 426453 102901 300781 72953 904969 961057 821172 923000 271286 724378 113759 172673 431893 522356 333929 870541 425001 685473 114372 598816 911523 472178 918854 653073 845701 510065 604929 21945 94491 79543 192501 360236 108471 743649 249309 62681 781857 657314 154169 300541 325341 758879 462841 591351 573917 484749 900609 732325 180012 617345 60735 899361 863858 741879 766193 845075 935251 68652 743257 205880 836201 585936 51884 440245 709780 148289 302969 646363 778597 337226 51297 417711 159463
531606 324484 481017 319513 713392 206267 891647 910504 229982 87331 984121 645386 295033 973521 758786 421985 483206 516889 622319 58041 147935 534738 806841 518575 275313 285247 478223 463136 79732 570293 592937 425742 230219 358540 886901 723665 622160 346301 928463 785603 394790 469695 459743 191137 771268 540745 576999 631953 11729 617155 463921 979461 69441 640957 89233 278976 933376 365686 229039 416101 505921 127977 62849 704377 174025 303273 337415 527615 1251 933003 745206 591681 870640 119725 377295
340996 474823 543561 677659 197739 987859 403579 969223 489042 216646 799603 182159 7713 182169 755885 262241 152127 987333 969781 436969 192229 678268 907010 963093 760737 434581 851452 970632 931971 787465 711803 916337 924015 924825 114066 560251 442551 172917 480343 53697 885394 969377 878885 995121 52816 319569 264292 684876 321499 263473 639559 902785 26395 598929 890729 297831 133521 201557 893603 95803 17265 233869 649361 66413 170811 830001 464680 409350 316809 701317 277625 97402 644421 311502 477932
186543 178872 889645 747531 940204 128301 634549 514989 588853 522809 697026 556569 450927 606145 291575 449943 577136 1386 287674 328133 889499 879004 117411 728117 829213 20907 356817 566683 157921 76481 827458 547853 568653 403195 30643 966081 928316 728091 837317 285906 564009 431861 473848 959614 510947 816627 997401 767691 849623 124987 739209 72841 238777 930877 385709 606361 111909 990101 443988 110106 604915 645609 648370 40845 684901 882933 780641 71496 462002 461153 962931 602497 424177 10151 987969
265155 619049 390493 964147 438216 37153 700669 161709 59556 595741 701089 467890 833628 870777 551121 53681 304026 156929 112119 628308 768433 838247 640897 841413 411785 826416 749840 434937 636207 754757 1919 107865 480918 61046 579561 409641 498185 576863 176733 528150 215321 616681 680613 347019 81624 817682 755196 199231 165236 403853 643649 886226 867261 662993 820658 277651 24427 672003 16881 429001 576105 499995 921989 742301 14886 620724 548576 994265 639397 832841 463110 700606 520831 15322 221546
284329 410170 939673 905611 959273 270463 797201 917860 400997 92747 959352 734474 173409 398009 486148 326101 786041 337835 139266 237712 201108 459509 520057 780977 410533 989089 756000 354283 907844 320666 400431 947761 197451 835739 913659 937187 24757 832065 852704 921773 955374 230687 540104 722464 386824 237656 160875 323639 72921 790273 384791 53217 497517 830931 218105 140086 266137 102468 443129 386155 759965 364517 975073 99349 571255 676261 142501 11385 530251 593854 337781 7888 855479 778366 499521
222937 365140 292407 812145 269561 632441 477368 328150 277656 715679 781897 360225 384909 104361 677676 284353 704321 318977 396406 119029 94173 33625 100113 428278 402640 663469 701689 765361 620865 333475 49857 383026 369551 224265 236335 463801 115009 649163 361116 788390 527084 528197 835824 733205 987849 596251 447111 850189 723213 994571 66175 262592 364049 963297 378305 802659 490105 429953 590195 929589 147635 71387 417579 841551 684881 240861 869651 677908 716538 58929 854051 900820 577737 617549 112488
876876 43837 408472 922098 655001 625288 116683 110963 700859 37501 16397 327221 65501 809045 207347 647831 138465 706606 600794 839231 713879 85347 269341 606080 833497 408129 41051 14205 646319 352821 127095 932294 362585 114065 753891 789696 214966 681609 641801 786321 906461 328881 807201 461383 401143 584551 232585 959691 345605 25729 311715 330201 49774 397169 521651 257281 934045 781477 653539 713276 810709 630161 594541 843281 110518 885381 660321 803281 200467 348862 822289 942705 555809 96533 903871
428651 497890 301140 859095 323821 480325 760757 523151 100386 749139 397916 153831 145200 355906 395665 254715 532789 282279 670045 124825 67025 588589 83685 60812 911869 805609 995611 985441 412243 393189 309387 263913 162196 878435 224861 849253 600715 162929 537746 718869 328163 592326 732857 902761 62857 792425 849177 82630 299013 770013 603393 182901 245373 550137 108929 218542 526917 770469 60030 184215 626092 654152 801315 963113 896285 908843 249355 895249 576956 498541 616119 105398 683081 598965 539706
243329 321376 372912 303021 579630 902825 953743 798951 621471 809641 264253 847825 966489 227884 687433 531287 241025 299693 446500 840654 619441 904941 201799 706611 742845 617061 195033 112191 121230 104193 813601 80125 131730 513505 414797 594141 616641 987921 832341 1481 225421 972609 60271 791345 348119 880712 525797 327464 507651 123351 531225 541441 735909 540601 314086 434136 1881 65686 521201 121189 740775 675777 852807 536755 513821 629996 305013 396545 853528 394765 565121 166875 87837 950927 255921
645050 324981 992295 5785 234839 313107 968321 612366 657537 328317 463569 932513 127 29185 276840 683021 879097 328761 688709 194131 251701 252658 898876 603829 357415 198061 655069 259033 706001 978251 479209 714721 157479 978297 79759 514655 938081 418073 337153 737649 319151 334731 246467 568101 716293 433151 758531 902401 780451 157837 289323 358381 540648 934991 630737 630145 55489 169505 962721 458391 875294 746909 659497 350966 309581 955297 740824 430533 884501 235129 819739 289226 367232 624557 160081
948557 171285 807749 754076 803723 640033 907329 666691 917751 126165 393224 260635 126658 418091 720783 98461 72255 573006 723261 136720 724689 409509 240322 734551 260699 253917 209851 265093 263626 959017 932825 633129 620338 243916 759422 749381 351081 397777 476027 732385 298771 999405 856881 201629 678178 391561 278301 739596 941613 952789 610086 90308 720766 409185 579927 402565 198503 315077 590593 247250 868816 914001 593088 599901 681349 522055 871681 517596 944124 839807 809956 673792 755641 105689 593305
206719 552577 590235 547617 19336 86578 556012 270987 36257 303761 362145 716785 462501 183481 717391 151017 480553 74053 935031 118901 517449 958251 162225 686745 901771 947113 460346 872051 131256 185889 769801 890821 91651 638113 24707 36373 56054 345585 209780 788481 149466 283890 653895 783560 802548 373057 817539 965129 885727 975241 47493 653089 114052 848033 708325 52969 162127 823745 511482 751294 527566 309416 434084 726381 859247 322110 718631 207968 866401 40542 167684 139576 582151 177681 112536
737416 783531 945074 53679 107585 165497 128139 442765 768045 265201 2326 683840 21631 59133 889002 650665 578171 634411 278721 613651 538596 77185 275205 276969 682441 637891 855014 976241 177981 841981 222794 554329 117097 300300 429706 622743 681361 549959 135221 676454 44341 769657 404375 964477 283925 764069 526378 869941 181641 647446 97139 443364 77785 624401 300751 459944 401504 715457 653592 639491 198833 12246 491058 875393 282151 865881 809416 643255 870655 523966 127889 972848 613073 410237 221501
479945 907824 731905 3173 404641 758525 347057 558601 927286 970985 710969 562809 145441 954979 991787 751561 908417 571557 54353 587183 287402 939066 372816 937345 216768 973473 343831 964720 93403 291370 734771 946732 7389 172625 902921 601585 669621 77213 366663 431361 28616 725161 113737 222786 488542 159873 899753 448931 768645 759715 675366 430496 961484 207949 843229 31217 708901 347517 237986 696383 615201 39315 611831 483458 569636 520473 991897 402808 125957 120375 151229 105655 725425 558270 300481
872835 380589 560951 338614 87565 822631 301551 408591 855479 725145 766567 615164 353501 553079 80203 924121 403785 885217 265734 542021 473885 666220 724501 667141 809241 629328 837936 508513 5301 267315 657011 128121 790061 909881 802756 183766 454241 420123 688345 836691 969435 75903 823193 630691 984511 284116 359542 639545 961185 203265 640511 342946 623611 511761 852263 428158 913751 933021 980011 600177 843466 604251 307523 958838 745671 943920 752913 209800 783645 306657 755975 890061 66973 443057 289581
826332 875908 326016 671057 146840 44358 186993 313713 527154 777281 826926 379 385573 772493 312036 64278 303301 766571 356021 494783 75137 699879 38369 73647 608905 403089 698805 777037 149313 213541 512551 36865 702421 674969 674877 231009 289049 554981 987115 761039 284221 334342 229192 988769 975696 566397 532121 240688 190527 656809 92741 532157 347521 115865 581413 441231 337949 740661 982881 158729 616792 650657 631172 298576 567348 12124 874077 739049 120865 761431 737263 971593 950784 203718 486633
806241 172506 568752 318529 844929 455809 180744 751374 737401 715074 164407 601660 840669 404579 503665 945855 126570 497164 746285 976026 541133 461723 708177 655298 95425 393948 912904 507553 42061 60003 949541 313545 196578 846189 454739 11958 616393 6593 47647 140753 784265 128826 390909 19976 516634 739506 816421 256254 226211 907249 286376 780667 943531 120360 703632 853427 285641 841385 951233 957210 687856 665937 213048 854241 646681 783201 81707 900901 24961 597701 754401 564879 427476 667616 301105
885934 357266 108677 177441 27590 827950 534325 850309 829451 127851 968795 49505 146656 376808 222535 901957 351122 397680 981204 303954 585116 94341 395097 563901 823729 785652 626251 855839 157331 74795 115949 509551 824001 545036 160121 496871 117380 531251 236365 825417 320838 192401 600244 1375 202750 567795 856393 164705 913508 507945 159690 550465 254296 716393 740805 485310 612258 496913 790716 590004 338617 631749 400501 693657 892185 327319 516209 322634 111965 743214 503737 415720 611062 403188 579001
297212 692433 540166 287741 517447 448397 184527 426273 421467 50705 801161 288777 766641 641607 82473 341780 513188 968383 209934 644631 74881 90488 124341 694755 710451 313067 722601 880129 927480 958316 9751 416356 785731 526577 175717 807713 664748 915752 215951 273033 533801 322254 354477 76411 327363 763073 771949 616425 717161 800913 180725 167193 714037 998621 333950 921540 436302 45309 833666 319687 21106 457807 556747 432983 232621 461399 638121 874408 710550 466021 535262 344924 644534 773811 491001
602117 34861 346769 566552 158941 362906 645953 481227 825445 97015 570785 911441 590661 442894 276171 552906 204891 783293 615981 782713 891036 783137 353274 711081 312017 593193 877529 478669 529061 712214 697793 660832 559497 493561 181377 373551 361446 460561 367425 668752 48546 611481 900575 899451 371897 118468 898676 339987 48081 125601 107539 100074 586901 51553 348415 274877 425929 752827 844951 151927 484041 743965 489257 952613 406980 386059 575387 442043 120146 79909 147841 100048 690041 623785 566751
107795 41876 713419 527611 711593 681985 343520 504503 193709 816736 643846 799919 835401 362125 654747 428833 643277 574345 789452 687981 987213 504329 708782 489639 287967 668701 744686 646543 271966 471204 304653 638591 89745 715901 373849 417073 445649 688289 294993 665695 686745 735313 81497 420253 145484 589933 71391 169101 452589 344761 151074 196211 469406 406171 597982 936617 791084 31651 373541 245283 794033 729401 622657 739107 770741 972997 767259 206801 213969 181084 914401 738907 781273 731948 351211
125175 596331 722509 845353 216138 747407 210441 492525 392396 285781 632689 757108 395265 541731 547441 522270 929165 548254 672493 603509 289233 73489 159029 78029 402866 587056 419041 134961 966717 261981 212327 981897 454281 10571 619970 926497 201497 512453 69793 14411 304561 458581 23509 98911 951106 631677 154433 35101 448145 260653 796145 880801 101261 169861 622479 20051 580909 378736 681839 367763 322983 489430 463223 188985 526073 682897 492375 260217 353493 478319 547309 365561 99734 47641 719425
